100
999964 995617
999985 997223
999965 997207
999958 999614
999979 998351
999973 997638
999991 996310
999974 997237
999974 999460
999964 995828
999982 999789
999971 997433
999970 999218
999977 997138
999965 995933
999998 996071
999992 995978
999983 996931
999994 998607
999958 999989
999977 998771
999981 995579
999963 996216
999976 999802
999980 996685
999974 998587
999970 998909
999977 995044
999980 998138
999969 998004
999975 997695
999973 997916
999995 999664
999971 999154
999993 998687
999955 998876
999955 995418
999983 996186
999986 999566
1000000 995957
999992 998913
999972 997724
999966 999212
999999 999597
999951 997246
999990 995068
999982 995324
999988 997261
999964 998774
999961 996906
999980 999205
999972 998566
999999 997533
999998 999903
999958 996683
999994 998348
999970 997699
999959 995714
999961 996135
999981 996556
999971 996560
999983 996969
999979 996903
999975 995519
999973 999291
999994 995433
999997 995503
999985 995414
999967 999694
999976 998781
999979 998472
999971 999268
999981 995497
999982 996730
999985 995292
999951 998660
999977 997204
999955 997382
999999 997154
999995 997079
999962 997621
999972 997236
1000000 995159
1000000 999807
999986 997966
999986 999876
999994 998013
999959 996257
999985 997773
999964 995141
999999 998568
999972 998563
999993 996725
999979 998526
999955 996142
999963 998971
999957 996765
999972 999182
999989 998857
999971 999072