100
999960 996538
999968 997528
999977 997752
999982 998052
999999 999580
999985 995051
999975 997474
999977 996925
999995 996967
999962 999877
999955 996604
999978 995446
999954 995049
999959 995348
999964 995678
999963 996206
999981 997871
999971 997929
999979 997708
999985 998350
999951 999578
1000000 995120
999993 998824
999990 996577
999952 999136
999990 996752
999995 995457
999953 996615
999963 995799
999974 996662
999968 999326
999997 995987
999964 995249
999954 996468
999968 997193
999970 996187
999957 996866
999988 996118
999992 997000
999986 998776
999977 996444
999998 995524
999989 996372
999969 998349
999959 999101
999975 995943
999978 996527
999973 999272
999988 998142
999984 995675
999962 997853
999967 995752
999968 996817
999967 997705
999980 996860
999951 998601
999975 995655
999975 996147
999996 996263
999962 996494
999986 996803
999978 996087
999957 998014
999953 997401
999974 998395
999996 995137
999987 998586
999951 998263
999965 995055
999962 997868
999967 996095
1000000 996161
999958 997889
1000000 997425
999967 995452
999955 996812
999997 998651
999962 999233
999981 995554
999997 995115
1000000 995653
999986 997492
999953 998437
999990 996937
999954 999018
999961 997702
999963 998569
999958 995511
999984 999819
999969 997906
999968 997798
999999 996174
999954 996265
999969 996761
999976 997983
999986 998063
999953 995776
999961 996522
999958 998606
999971 1000000
