100
999999 997355
999965 995027
999980 998887
999994 999038
999974 997046
999953 995045
999987 995289
999990 999026
999992 999526
999955 995971
999986 998953
999991 998033
999988 996872
999966 995955
999998 999642
999997 999725
1000000 997497
999982 995762
999998 997828
999974 997573
999968 995671
999958 997825
1000000 997305
999981 995698
999967 998042
999993 996234
999966 998603
999973 999383
999986 997602
999994 996536
999961 998134
999979 997889
999951 998308
999986 999310
999981 997098
999967 999657
999982 998149
999954 999673
999969 997980
999972 995933
999964 997984
999987 995312
999995 995080
999980 999357
999993 998681
999963 997221
999960 995802
999958 999742
1000000 998760
999956 998893
999998 998231
999980 999571
999994 999680
999959 995482
999962 996911
999995 997329
999991 995876
999954 995130
999987 995984
999963 995934
999953 999028
999977 998776
999967 996912
999970 996235
999976 999865
999995 997474
999995 995974
999953 999475
999954 999937
999996 996960
999989 997314
999990 995391
999971 995577
999961 997794
999976 998655
999983 998521
999997 997826
999988 996160
999994 999462
999976 997706
999980 999818
999991 997421
999994 995873
999958 995092
999952 997796
999960 999954
999995 999989
999966 996948
999990 999514
999967 995774
999995 999413
999989 999499
999957 995240
999999 995625
999981 995349
999966 997675
999994 997159
999982 995957
999997 997936
999981 996138
