100
999989 997371
999996 995799
999965 999674
999984 995780
999958 996039
999963 998010
999980 996717
999962 998046
999960 997518
999959 995392
999970 996183
999994 998645
999994 997114
999987 999069
999977 995393
999961 997951
999998 999214
999988 998907
999985 996863
999999 996919
999977 998391
999955 997160
999954 998107
999973 995917
999956 998764
999995 999881
999976 996624
999988 997889
999958 998518
999960 996172
999971 997982
999996 995321
999976 995169
999980 999731
999998 999859
999999 997229
999987 998875
999980 995652
999969 996891
999952 999903
999982 995173
999996 997897
999985 995605
999971 999182
999954 997743
999973 995329
999998 998125
999992 996568
999997 997174
999980 997621
1000000 995245
999968 997577
999979 996534
999975 998398
999999 998446
999968 997727
999973 999028
999983 999062
999994 995056
999997 997404
999980 997245
999968 995819
999987 995678
999951 995959
999980 995982
999977 997179
999956 997078
999962 998995
999991 997985
999981 995684
999961 997990
999968 998697
999959 997682
999988 995299
1000000 999650
999993 999184
999953 997730
999958 999561
999968 996038
999970 999907
999986 996396
999973 996895
999988 996842
999977 995733
999967 995579
999967 999905
999952 998475
999955 999234
999983 995008
999956 996190
999974 999531
999961 998849
999958 999025
999961 995668
999975 996225
999971 999379
999972 997660
1000000 999742
999972 999460
999987 996624
