100
999980 995479
999996 997944
999985 996926
999994 998627
999979 997884
999980 999005
999973 995974
999971 997386
999958 998938
999969 996950
999989 995449
999989 997022
999976 998712
999985 995985
999953 999427
999954 995042
999984 998433
999959 996899
999974 996119
1000000 997051
999955 998000
999974 999430
999963 995926
999964 998995
999992 995569
999966 996683
999955 997431
999991 997505
999989 997880
999955 995924
999966 997840
999971 998157
999954 996247
999964 998927
999978 997877
999977 998664
999991 995681
999957 998499
999991 995852
999969 996471
999953 999381
999960 999735
999988 995506
999984 998899
999972 998025
999965 997989
999993 999436
999983 999433
999960 998497
999972 995344
999958 999338
999968 995899
999995 999397
999997 996625
999995 999186
999967 998966
999999 999896
999952 999027
999976 998236
999961 996083
999972 997748
999983 997125
999958 997513
999959 996514
999958 998566
999954 996031
999977 999513
999958 997922
999994 997270
999956 996454
999968 999937
999981 998671
999998 996416
999952 997531
999964 999272
999967 995913
999986 996333
999996 996498
999962 996892
999958 998503
999981 998517
999978 998361
999981 998758
999976 997884
999988 996773
999958 996132
999951 997053
999969 998839
999969 999797
999969 998121
999982 999983
999966 999736
999984 999367
999959 998809
999962 997893
999958 995364
999973 995493
999999 995384
999968 997304
999974 997575
