100
999967 996363
999978 995645
999989 998072
999994 999353
999980 998647
999988 998746
999993 999287
999957 995557
999983 996718
999960 995885
999953 996829
999964 998330
999984 995204
999953 999357
999952 998500
999961 999470
999964 999769
999991 997688
999989 995201
999996 998183
999978 998417
999952 999834
999990 995319
999985 996458
999991 995273
999951 996945
999973 997993
999997 997263
999967 996354
999954 996548
999967 997217
999986 998364
1000000 999779
999978 998475
999958 999037
999954 996124
999955 997234
999953 997454
999962 999995
999966 998238
999983 998550
999993 999665
999977 999105
999959 998388
999986 995842
999959 998961
999973 999601
999978 998693
999968 995673
999958 996656
999977 997474
999957 999460
999963 996032
999977 997260
999995 999473
999973 998591
999955 999328
999981 998214
999952 998830
999972 996188
999998 995185
999986 997731
999972 996121
999991 997813
999967 997240
999962 997447
999956 999544
999976 998069
999976 997467
999990 995251
999991 998121
999997 998610
999974 995744
999974 996825
999963 997073
999958 999246
999975 996809
999977 995692
999953 995697
999985 995666
999961 995269
999961 999947
999963 998667
999984 997684
999983 999287
999958 996721
999979 995424
999968 997153
999976 995803
999974 999390
999986 995638
999995 998782
999973 997909
999954 996320
999984 995274
999993 998839
999983 997394
999961 997651
999985 999096
999981 995842
