100
999968 999459
999979 999024
999995 998247
999963 999383
999954 995182
999963 996156
999965 998810
999979 998061
999993 996559
999985 995601
999955 998203
999992 996240
999956 995297
999959 996175
999968 997531
999989 997897
999968 999436
999983 996716
999999 998911
999992 997094
1000000 998101
999959 997003
999964 996065
999972 998586
999986 998905
999958 995405
999994 996989
999986 996400
999973 998798
999979 997543
999987 995491
999977 996966
999980 999655
999966 996258
999952 998428
999977 996306
999959 995250
999963 999383
999969 997021
999976 996235
999987 995803
999992 996682
999980 996931
999979 998726
999966 997953
999992 995706
999969 999003
999958 997019
999975 998649
999975 995872
999977 998925
999975 999549
999982 999134
999952 999138
999970 996901
999953 995728
999957 997955
999986 999143
999966 997787
999989 999263
999967 996432
999985 997831
999997 999936
999984 999093
999963 999070
999994 997957
999956 999438
999971 995817
999952 996438
999986 998373
999999 996270
999975 998337
999980 998806
999992 997759
999972 998996
999978 995979
999958 999287
999972 995863
999954 995955
999972 996454
999961 997216
999954 995314
999981 995564
999952 998873
999994 998381
999951 997636
999973 998642
999996 998876
999983 998452
999996 997688
999965 997305
999989 995171
999982 999772
999975 999461
999963 998285
999999 998047
999961 997622
999986 999451
999971 998139
999970 998835
