100
999984 998742
999991 996699
999999 996979
999955 998248
999976 998508
999963 995023
999951 998336
999998 996906
999963 995105
999975 997984
999970 999103
999954 999073
999966 995535
999974 998773
1000000 997331
999971 996918
999966 996882
999958 997912
999958 998915
999970 999463
999984 995432
999967 997981
999985 995384
999989 996165
999999 995848
999998 996662
999985 998719
999953 998102
999975 997448
999979 999627
999995 995572
999954 999500
999959 998809
999971 998610
999973 995867
999998 996089
999970 999854
999986 995065
999978 997605
1000000 998023
999985 999027
999994 995698
1000000 999068
999966 995647
999972 999323
999995 999943
999990 999114
999973 995996
999956 997797
999964 999294
999981 996326
999980 998610
999973 998101
999953 998714
999987 995849
999974 996453
999999 996422
999988 999917
999962 998247
999970 999301
999994 996781
999995 996112
999956 995982
999979 997466
999957 995362
999986 996090
999998 999438
999988 995164
999978 999318
999967 995539
999992 995615
999985 998690
999957 997791
999988 998470
999971 996467
999998 997256
999966 995663
999994 997791
999956 997772
999981 999071
999961 995663
999951 997117
999980 998508
999974 996287
999976 999806
999968 996641
999981 997466
999955 999753
999971 997586
1000000 998591
999994 999642
999952 995948
999988 996510
999981 995596
999965 997642
999955 996062
999977 998475
999981 997054
999988 999107
999960 997105
