100
999951 997806
999955 995071
999955 995160
999976 997696
999956 995244
999964 999929
999973 999323
999971 999702
999994 996693
999992 997469
999951 995644
999967 997648
999957 999682
999994 999185
999962 995758
999961 995426
999995 999111
999969 997064
999957 997848
999991 999145
999974 999363
999986 997455
999955 997345
999986 995207
999974 999699
999993 999727
999975 995175
999955 996358
999992 995080
999987 998949
999973 996752
999960 996696
999960 995816
999963 997429
999971 997167
999978 996754
999957 997943
999987 998864
999969 998662
999959 997973
1000000 999042
999965 996000
999957 995074
999952 996369
999966 996547
999999 999639
999983 996988
999952 997809
999985 997390
999957 995115
999967 999106
999999 999734
999996 998374
999986 995984
999956 999964
999954 997693
999992 995304
999976 995519
999986 999697
999994 997827
999964 999501
999987 999543
999999 996096
999986 996589
999951 999884
999988 996691
999973 995868
999989 999687
999970 997318
999980 999925
999965 998274
999978 997232
999951 999957
999954 997603
999978 996934
999985 995898
999989 995192
999988 996572
999961 998736
999970 998422
999962 997160
999977 996258
999992 995185
999951 995916
999989 998910
999984 997081
999963 995754
999959 999410
999961 995711
999995 999013
999959 999739
999980 999080
1000000 996295
999981 999866
999987 996109
999968 997298
999954 998399
999982 999943
999959 996796
999956 998382
