100
999967 995693
999959 995140
999971 995569
999989 995754
999958 999049
999955 998023
999964 995070
999977 996547
999953 996251
999972 995163
999952 995558
999996 998365
999968 999394
999974 998349
999969 995244
999985 995883
999971 999833
1000000 999343
999997 999542
999991 999589
999959 999905
999973 999093
999990 995423
999972 996797
999958 997691
999999 995894
999956 996260
999952 999145
999994 995822
999964 999326
999957 999810
999993 999299
999992 998528
999970 998693
999981 997387
999989 995309
999952 999540
999963 999562
999957 998690
999981 995285
999976 995615
999975 999630
999975 996380
999952 996177
999951 999916
999976 996916
999963 996656
999984 999369
999962 997152
999989 996902
999958 999991
999981 995478
999987 995260
999997 998142
999974 998694
999958 998978
999955 995548
999978 999831
999955 999678
999992 999130
999994 997454
999959 997968
999985 999557
999959 999293
999992 997694
999985 999895
999973 995700
999958 995863
999953 997708
999951 997205
999980 999727
999975 995709
999990 995733
999961 995851
999979 998843
999996 998652
999968 998323
999977 995405
999996 996252
999994 996884
999977 998188
999986 995279
999990 999447
999955 997143
999996 996090
999967 998556
999963 996474
999957 999739
999990 997100
999993 997617
999967 999218
999989 997239
999992 995185
999985 996364
999995 999637
999973 997679
999955 997322
999969 997656
999997 995043
999983 998923
