100
999993 996359
999956 995971
999969 998420
999973 997213
999957 995323
999964 998376
999952 997442
999993 995633
999990 995048
999993 997657
999956 997398
999965 998934
999952 996908
999996 999751
999990 995405
999963 996203
999972 995033
1000000 996467
999980 996389
999961 999523
999997 997835
999977 998975
999956 998448
999996 998868
999974 995244
999991 996037
999971 996728
999986 995406
999955 999570
999975 996330
999981 998345
999975 995386
999951 997002
999991 999125
999996 997829
999963 995102
999974 998842
999988 999588
999955 995980
999971 999434
999969 999979
999955 997512
999966 997738
999958 998991
999969 995370
999963 995930
999964 995150
999952 999388
999963 995464
999993 999190
999992 995808
1000000 997604
999991 997016
999993 995588
999970 999294
999971 995162
999972 996437
999975 998276
999965 997888
999956 996482
999960 999884
999984 999268
999956 996024
999988 995833
999973 995816
999974 998428
999982 997963
999976 999922
999958 996871
999965 995269
999979 997828
999965 999086
999960 995401
999987 997088
999970 996925
999959 998842
999958 999630
999951 995490
999973 999062
999978 995789
999967 996346
999959 996502
999972 998896
999967 997935
999952 999230
999956 996931
999965 999579
999980 998619
999956 995674
999999 995564
999954 999276
999953 998055
999995 999812
999974 995502
999991 999868
999962 998751
999951 999155
999999 997819
999951 998972
1000000 997466
