100
999992 996582
999988 995304
999967 995175
1000000 997409
999978 997585
999961 996844
999981 998046
999955 999247
999973 998420
999987 999341
999957 999614
999952 996582
999961 998961
999967 998023
999954 995865
999995 998510
999962 996844
999969 998132
999991 998579
999962 998816
999958 999717
999961 998473
999970 999588
999958 995716
999955 995841
999954 998593
999972 999460
999971 995304
999976 996433
999995 999185
999993 997328
999972 997040
999970 998805
999981 999839
999953 999361
999976 995843
999963 996610
999996 999137
999951 999331
999971 997854
999995 995854
999964 999273
999977 998917
999997 997382
999967 996551
999979 999942
999980 997910
999963 996699
999987 999449
999958 996394
999984 998840
1000000 995183
999968 997495
999974 998944
999998 996468
999970 999293
999966 995540
999955 996283
999963 996790
999991 995750
999990 997528
999986 995867
999966 999969
999968 999449
999990 997751
999990 996876
999957 999022
999967 995688
999981 998674
999990 996991
999983 995077
999965 999760
999991 998497
999987 996017
999967 997004
999980 997275
999992 996106
999975 997266
999962 999356
999956 999141
999965 999852
999974 998696
999982 995371
999993 999039
999980 996311
999985 995131
999991 995961
999955 999300
999967 998229
999983 998392
999965 995731
999987 997060
999976 997457
999962 996560
999999 999688
999988 997566
999960 999014
999983 995710
999999 997942
1000000 999374
