100
999971 997809
999964 997522
999976 997278
999953 999927
999962 997841
999979 999238
999965 999936
999956 999885
999960 998826
999975 998395
999965 996132
999984 998197
999994 997203
999965 996763
999980 997860
999969 998165
999984 998699
999977 999382
999957 999408
999999 996128
999966 998419
999953 999726
999959 995830
999954 998556
999951 995369
999998 996379
999974 999513
999966 997082
999993 995868
999978 995829
999993 995373
999971 998044
999974 996975
999983 998696
999973 999031
999997 997280
999954 995189
999967 996748
999954 998912
999981 997970
999999 997254
999967 999429
999958 996220
999988 997131
999959 997651
999973 999463
999957 995600
999975 997094
999988 998581
999962 998958
999988 999261
999999 997357
999954 996892
999952 999116
999984 999408
999962 998732
999961 998730
1000000 997077
999955 996967
999967 997038
999951 995814
999964 996288
999980 999008
999987 997637
999995 996468
999978 997496
999953 996481
999971 998825
999991 998957
999962 996472
999952 997322
999952 997322
999998 997013
999977 996002
999988 997253
999965 997244
999980 996836
999992 996777
999964 999210
999978 995728
999974 999657
999988 996406
999981 996725
999981 996807
999979 996819
999991 996341
999963 997131
999991 998841
999991 998061
999962 999066
999960 995179
999965 995677
999954 997138
999998 996506
999982 995516
999973 997026
999979 997754
999979 996311
999965 995958
999977 998808
