100
999954 996473
999951 997479
999961 996315
999985 998478
999958 996305
999955 999485
999975 999620
999951 995407
999999 997600
999988 998065
999993 995560
999960 997207
999986 997930
999996 999599
999964 997080
999951 996117
999996 998815
999978 997751
999977 995005
999959 997663
999996 999835
999953 997264
999971 999918
999966 995004
999967 995767
999977 999204
999959 995759
999987 996936
999983 995592
999972 997583
999998 998797
999960 998521
999972 995943
999996 995037
999998 996149
999983 995905
999967 997143
999959 999086
999987 998135
999952 996875
999977 998102
999959 995229
999963 998434
999976 999846
999978 995996
999992 995346
999966 999776
999967 999700
999987 998786
999984 998962
999965 996084
999975 999565
999999 995331
999966 997584
999957 998684
999985 997368
999997 997834
999968 999294
999989 998409
999955 998941
999987 995215
999991 997845
999994 996801
999986 998005
999965 995929
999963 999168
999983 999130
999961 998888
999970 999680
999963 997927
999993 998227
999961 995148
999990 995187
999996 995976
999965 995877
999992 996649
999991 996500
1000000 999730
999985 999333
999962 997534
999952 998350
999978 995922
999960 999083
999963 995588
999963 999929
999954 995774
999970 996105
999992 996512
999986 997659
999986 998536
999983 999701
999951 998275
999955 995622
999953 998149
999983 999388
999986 997512
999984 997385
999966 997514
1000000 996892
999969 998878
