100
999976 998628
999957 996732
999999 995335
999968 999506
999962 999771
999967 995638
999957 999306
999978 995536
999965 996651
999956 999005
999990 995183
999952 996671
999957 998909
999952 996814
999978 996149
999977 996426
999957 999004
999986 997931
999985 998804
999975 999554
999992 997797
1000000 996692
999975 999296
999997 995678
999981 995288
999969 998951
999969 995371
999977 999520
999984 997976
999975 997929
999952 998462
999963 997549
999978 996159
999961 999099
999951 995213
999958 997185
999975 996140
999984 996056
999984 997048
999986 998679
999980 995065
999983 996454
999972 995547
999971 995658
999987 999604
999966 996295
999992 995237
999996 997827
999974 996620
999981 995006
999989 996522
999962 995787
999992 997012
999959 996746
999973 997224
999986 996395
999997 996703
999997 995019
999975 996119
999973 998068
999963 997912
999998 997436
999961 995503
999971 998192
999996 998132
999954 999900
999986 996333
999994 997316
999960 996176
1000000 997403
999996 996783
999984 999336
999953 998942
999959 998031
999998 997328
999987 998079
999963 999109
999959 995683
999973 996722
999954 999030
999979 999368
999951 999508
999972 998263
999989 997693
999996 998182
999963 996487
999972 997541
999981 999394
999975 997473
1000000 998840
999967 997171
999977 997335
999968 998378
999999 998186
999966 999189
999957 999953
999960 999793
999954 997905
999996 998580
999959 996143
