100
999954 996705
999975 995529
999975 998894
999979 997282
999977 997347
999996 998483
999960 995849
999972 996238
999983 998260
999953 995880
999966 995418
999968 997638
999954 995694
999985 995804
999970 998993
999997 998827
999954 998421
999965 999370
999952 998429
999974 997141
999974 995627
999975 997769
999955 997382
999989 995847
999977 995338
999953 998492
999980 996841
999984 997221
999973 996233
999976 995667
999992 998942
999963 999571
999989 996146
999972 998326
999967 999240
999967 997646
999963 999738
999970 999990
999987 995365
999953 995057
999998 996211
999952 998754
999973 999678
999959 999234
999999 996295
999985 998432
999951 996691
999986 999896
999972 999239
999979 999706
1000000 997336
999974 996994
999983 995062
999977 997842
999998 996468
999977 999778
999979 996446
999972 999378
999960 996802
999995 997978
999958 999456
999997 999278
999974 996709
999996 997631
999987 996043
999979 996723
999964 998336
999996 999101
999993 997995
999963 997473
999999 999841
999985 995789
999965 998078
999977 998354
999980 999723
999979 998920
999995 995038
999995 998973
999954 999667
999960 998638
999961 998940
999974 997737
999988 997725
999968 997970
999991 997428
999967 998830
999967 999990
999965 995851
999953 995730
999951 998890
999958 997833
999969 998279
999952 998303
999969 995562
1000000 997504
999994 997327
999961 998208
999981 997368
999986 999197
999975 998948
