100
999987 997211
999980 995485
999980 996687
999967 996822
999983 996242
999978 996189
999993 996114
999952 995348
999985 995249
999964 999246
999978 996097
999988 996365
999962 998075
999995 997969
999971 996910
999971 998590
999975 995757
999992 998099
999968 996553
999995 996059
999995 999049
999961 995872
999968 998088
999985 997661
999956 996853
1000000 998197
999962 997132
999957 997338
999955 997422
999982 998049
999989 995226
999981 997101
999998 999362
999965 999371
999977 997416
999963 997357
999977 999972
999960 998923
999984 996745
999996 998693
999990 998490
999971 998844
999980 995100
999972 999476
999973 998785
999959 996854
999953 996460
999972 997289
999960 996451
999964 995384
999989 995737
999957 997627
1000000 998266
999959 997417
999958 998133
999971 995905
999997 996648
999996 999540
999963 998227
999960 997918
999970 998836
999993 998319
999956 996023
999971 998413
999997 999563
999998 998635
999962 998834
1000000 998304
999969 996459
999990 995759
999962 999126
999972 998511
999998 997357
999982 999817
999985 999361
999995 999892
999958 999802
999973 995788
1000000 999762
999975 995594
999977 996645
999978 998272
999976 997786
999995 996226
999982 995945
999969 997485
999996 999592
999998 998140
999957 996342
999953 996180
999969 999340
999990 997547
999983 996577
999989 997262
999954 996183
999975 999311
999983 999380
999966 996953
999977 997807
1000000 995059
