100
999997 997391
999979 995621
999985 999047
999994 995956
999967 997967
999962 999946
999984 996944
999999 998999
999967 996426
999976 998466
999970 996292
999993 999270
999956 999505
999951 998151
999960 995800
999990 996283
999952 999057
999953 998817
999973 997736
999951 997497
999993 999340
999984 995113
999962 995725
999951 999181
999996 995377
999969 999174
999994 998466
999969 998110
999961 998298
999998 998768
999951 995720
999977 997288
999955 999250
999986 997880
999974 999526
999964 999985
999997 996467
999991 998797
999976 997857
999981 997990
999962 999272
999986 997198
999957 999256
999952 996653
999971 995216
999986 995299
999985 999119
999969 999360
999988 995987
999961 999003
999988 999912
999976 996674
999969 997733
999987 995865
999953 995745
999964 996118
999966 998314
999970 995050
1000000 998623
999986 997419
999966 999419
999988 997070
999980 996249
999986 995555
999956 995965
999975 995044
999968 997193
999974 999551
999964 999485
999980 997811
999979 996566
999980 998894
999991 997244
999965 996098
999967 997941
999958 995649
999968 998531
999979 998193
999998 997796
999961 997015
999957 995601
999992 998285
999984 997425
999958 995016
999976 995547
999961 995787
999979 996755
999997 995641
999987 995920
999959 995809
999958 997551
999982 998516
999957 999176
999971 995861
999973 999105
999954 999380
999963 997230
999952 999796
999961 997796
999991 998860
