100
999995 996038
999965 998850
999981 999612
999999 996471
999991 998894
999971 999601
999993 998178
999999 996167
999955 996604
999971 999472
999985 998191
999997 999150
999974 999032
999999 995623
999989 999013
999998 998004
999954 997834
999994 997061
999981 997983
999975 998942
999991 997370
999996 999544
999961 997583
999985 998145
999967 999464
999953 999656
999956 997750
999979 999350
999970 998478
999989 995778
999982 995107
999990 998485
999995 999284
999965 997682
999974 999076
999994 995088
999982 997462
999995 999290
999982 995343
999954 997880
999984 997347
999996 999757
999954 998638
999966 995525
999951 996374
999981 996903
999987 997381
999963 998069
1000000 995932
999956 999876
999964 996022
999984 998750
999988 999596
999987 997177
999955 997770
999966 995689
999995 999889
999977 998860
999983 998199
999971 999291
999993 997984
999963 998350
999966 995228
999960 999326
999952 999464
999986 999816
999964 997814
999960 997617
999992 998902
999971 999645
999983 995794
999983 995435
999993 999426
999975 997857
999996 995976
999958 999494
999994 995637
999965 996621
999995 997910
999974 997025
999989 998797
999959 996507
999972 997703
999952 997669
999962 996214
999958 995571
999954 999943
999969 996338
999993 997597
999973 996994
999986 998639
999975 996181
1000000 997979
999987 998788
999960 996045
999990 995558
999965 999949
999999 998749
999966 998485
999999 995199
