100
999961 995107
999986 997409
999988 996734
999970 997255
999959 999593
999987 995420
999971 998742
999984 998150
999984 997307
1000000 998372
999986 997747
999978 995884
999972 996973
999972 996723
999986 998639
999994 998648
999954 995545
999978 997780
999983 999992
999985 999548
999968 999490
999981 996169
999967 996237
999994 995813
999985 998651
999996 999792
999976 996821
999991 999524
999995 995148
999985 999261
999958 998531
999975 998477
999956 996260
999952 995001
999999 998587
999976 999485
999952 998165
1000000 999955
999968 997269
999968 996593
999985 999953
999971 999613
999987 995708
999954 997862
999973 999031
999960 995586
999963 998679
999989 995285
999984 998967
999951 999839
999973 998483
999996 999277
999982 998625
999993 998345
999986 998648
999999 995461
999972 998619
999977 997670
999982 996506
999985 997478
999964 996302
999981 995395
999977 995775
999991 998567
999956 998261
999991 995942
999967 997729
999951 995687
999982 996747
999995 999542
999951 996266
999984 997644
999961 997372
999978 999211
999987 999493
999993 998063
999958 998401
999973 999423
999990 996433
999993 997564
999954 995044
999972 995084
999971 999669
999966 996421
999963 998450
999966 995459
999951 999614
999986 998248
999956 995712
999952 999512
999975 996443
999991 998295
999966 999680
999963 996314
999978 999356
999999 995806
999988 999680
999999 995819
999988 998956
999954 999413
