100
999978 996818
999988 997699
999957 996433
999967 999813
999969 995028
999964 997092
999982 999494
999952 996838
999983 996490
999999 995241
999989 995163
999970 998513
1000000 996576
999999 996623
999984 997519
999985 996143
999990 996662
999992 999720
999981 997797
999974 995209
999999 999249
999991 996736
999972 996381
999969 999393
999981 997103
999963 998568
999979 999518
999992 995231
999954 995629
999995 995688
999981 995737
999997 999780
1000000 999321
999965 996437
999996 996328
999977 998589
999973 997595
999974 997968
999959 999843
999996 999143
999958 997938
999953 997859
999988 997087
999963 995845
999983 998591
999976 998158
999986 997012
999980 997671
999957 999733
999961 995745
999982 999401
999993 995286
999954 995603
999996 998267
999957 997911
999996 997392
999998 996063
1000000 995599
999994 999284
999975 998161
999967 996624
999984 999499
999967 996552
999983 995912
999955 999924
999973 999642
999978 996935
999988 998616
999980 996830
999991 997984
999973 996587
1000000 999237
999984 996569
999953 999448
999956 998575
999999 997375
999972 996223
999973 996131
999990 996339
999961 996356
999998 995995
999977 997883
999999 995926
999954 999115
999996 997029
999964 996144
999979 999769
999986 998562
999957 997512
999987 995839
999962 997913
999986 999934
999963 997383
999972 995558
999962 995403
999995 997280
999963 996559
999983 996622
999985 995310
999986 997536
