100
999978 996182
999987 997471
999972 995894
999967 995066
999953 997444
999995 999148
999999 999689
999987 998011
999960 996216
999952 996805
999977 996243
999981 997223
999991 995255
999954 996361
999996 999811
999993 996586
999957 998022
999966 995428
999992 999777
999971 995280
999976 998994
999983 999664
999973 997973
999988 998618
999973 995433
999976 996488
999961 997899
999954 997155
999965 999152
999961 995056
999992 998709
999979 997251
999979 999347
999972 999294
999972 995468
999962 998641
999954 996298
999971 996793
999960 998275
999955 997107
999995 995833
999980 999031
999983 995954
999954 999182
999985 998348
999955 996364
999963 999527
999971 996084
999976 999942
999960 995293
999983 997248
999996 998520
999960 995885
999958 996464
999971 999370
999951 995163
999991 995813
999967 996230
999960 997674
999970 999168
999980 996945
999969 999023
999957 996443
999983 997640
999981 997780
999976 995442
999960 999162
999997 997221
999983 996570
999988 997854
999965 995904
999967 998438
999966 999506
999980 997131
999999 997376
999970 995498
999971 995479
999972 998087
999977 998275
999955 996955
999995 995956
999967 999731
1000000 997302
999970 998812
999964 997933
999984 997107
999993 996978
999984 999201
999982 997509
999983 997311
999957 997631
999958 996501
999988 995977
999952 998680
999982 998963
999968 998955
999984 995327
999979 995035
999997 996581
999962 995148
