100
999958 998306
999998 998515
999993 997913
999991 999828
999962 995529
999987 997248
999964 995269
999969 995295
999981 997432
999964 997865
999954 995073
999986 997743
999964 999786
999986 996138
999951 995442
999997 999077
999992 996306
999969 998593
999971 995683
999961 999407
999953 996281
1000000 995846
999991 996415
999995 996517
999982 999622
999992 996659
999999 999184
999969 997528
999966 995113
999953 996103
999980 995115
999969 997950
999991 996419
1000000 997935
999990 998612
999991 995609
999955 999941
999956 995091
999958 997596
999965 998851
999958 999637
999971 999207
999985 995855
999966 996438
999990 999049
999962 998818
999966 996368
999985 996528
999963 995606
999966 995832
999991 999101
999992 996406
999995 997895
999989 999046
999995 996752
999987 995004
999959 999351
999955 997506
999993 998242
999991 998469
999987 995131
999999 998750
999978 997702
999956 996581
999963 998389
999988 998470
999976 998854
999997 998828
999974 995020
999970 999535
999987 998067
999966 999105
999961 996045
999987 999919
999987 995554
999985 995225
999975 995674
999974 995831
999962 997901
999988 998980
999999 998473
999975 996076
999952 995973
999991 996371
999954 995074
999991 998709
999964 996389
999984 999207
999975 998072
999976 995368
999993 996160
999982 997958
999987 998216
999965 997505
999983 998497
999970 998351
999975 996230
1000000 996593
999964 996627
999951 995491
