100
999996 999379
999991 995598
999971 995280
999997 999742
999983 997735
999996 998383
999954 996462
999994 996000
999993 997496
999958 997409
999980 997918
999994 996201
999993 998333
999997 997558
999962 996639
999966 995506
999953 996055
999985 997605
999995 998772
999957 999980
999963 998927
999987 997603
999951 996864
999960 997281
999987 999042
999960 996016
999964 995815
999997 998602
999960 999957
999994 996742
999998 997219
999972 998558
999962 998351
999972 996905
999985 995805
999980 997277
999977 998896
999960 997416
999995 995778
999967 998767
999981 995330
999994 995427
999976 999295
999951 998939
999981 997484
999953 998143
1000000 997929
999977 995273
999978 996510
999965 995697
999972 997711
999956 995694
999958 995149
999974 996014
999979 995103
999982 998041
999966 996859
999954 995224
999963 999792
999975 999053
999995 999844
999971 995626
999998 997543
999951 999996
999991 996724
999984 995016
999958 995962
999961 996040
999954 999764
999964 999333
999974 999130
999989 998946
999968 999489
999979 997143
999995 996981
999973 995204
999977 997038
999979 995542
999987 995375
999997 995930
999994 998526
999988 995181
999969 997599
999963 999246
999979 995570
1000000 995877
999971 995952
999989 995689
999982 996289
999968 997018
999969 997675
999961 996039
999980 995346
999969 996590
999970 995765
999991 995116
999994 995761
999960 997426
999972 998813
999983 995723
