100
999962 999910
999973 997501
999955 997596
999971 996883
999987 996664
999960 997052
999980 999962
999973 995307
999951 998019
999957 997139
999965 999993
999977 996098
999978 999444
999989 998531
999969 998811
999969 999161
999961 999731
999975 998792
999972 998014
999977 996844
999994 998957
999969 996335
999991 997824
999993 999292
999978 996392
999983 999897
999995 995641
999984 996610
999989 998121
999982 995973
999982 997658
999989 997948
999990 999091
999954 997012
999956 999710
999966 995429
999964 996400
999972 996233
999972 998405
999997 997363
999958 999250
999989 998478
999986 996902
999971 997271
999994 997525
999983 999250
999998 995673
999964 996220
999980 997586
999995 996868
999997 995736
999984 999609
999992 997708
999963 997304
999966 995014
999962 999557
999985 995574
999974 996450
999971 996770
999995 998442
999992 995612
999985 998125
999993 999890
999976 999697
999964 999872
999956 998419
999978 997509
999967 998687
999991 998869
999981 999977
999984 995657
999978 999090
999990 997569
999987 996002
999994 997909
999969 995929
999952 995784
999974 997102
999998 995695
999965 996797
999966 997010
999967 998470
999957 996891
999960 998383
999960 996796
999952 996939
999979 996542
999959 995978
999980 995217
999975 995745
999974 995071
999955 998942
999993 999376
999969 995176
999971 997841
999999 997933
999951 995837
999978 996666
999997 995856
999952 997136
