100
999989 997455
999969 999480
999952 997963
999985 995166
999969 995238
999979 996434
999966 995243
1000000 996008
999962 995826
999966 996775
999951 997674
999980 995309
999991 998553
999981 996247
999955 999020
999973 998123
999953 998142
999954 996090
999955 997752
999988 999737
999971 997322
999965 997766
999974 998187
999962 999212
999985 996334
999958 996076
999985 997535
999988 996338
999984 998073
999991 997816
999989 995337
999979 995864
999954 997190
999992 998231
999968 996857
999979 996579
999993 997787
999973 995391
999951 995415
999996 998633
999959 997886
999971 999404
999989 999741
999964 995156
999972 995621
999956 997203
999967 998911
999999 998085
999963 998669
999973 999690
999967 997931
999967 997000
999989 996558
999973 995338
999969 999290
999975 997369
999970 997328
999967 996244
1000000 998457
999976 998531
999984 999372
999981 997332
999965 997449
999965 996679
999967 999028
999956 998938
999988 998582
999990 999971
999959 995624
999964 997113
999979 997928
999954 997089
999982 997197
999954 999620
999999 998380
999951 998380
999960 996180
999977 999682
999959 998425
999952 997042
999978 995026
999956 996706
999977 999213
999987 997396
999956 995634
999960 999751
999987 999933
999980 996114
999982 997467
999997 996432
999960 999828
999958 997246
999975 997820
999993 996933
999974 995584
999957 995993
999999 997250
999963 996513
999958 999376
999960 999948
