100
999998 997426
999983 996084
999988 999669
999979 999520
999951 996744
999994 995510
999995 996557
999988 998461
999967 995225
999996 999616
999973 996331
999983 996772
999984 996427
999975 996701
999995 996025
999999 997781
999965 996591
999960 998032
999951 995453
999994 996137
999995 995200
999957 997786
999997 998237
999962 995043
999956 996012
999990 995507
999977 999679
999954 997423
999971 998711
999983 997079
999959 998566
999957 995482
999963 998724
999974 995065
999952 999712
999962 997316
999952 996496
999983 995316
999959 996348
999960 996843
999998 998665
999993 996998
999968 996925
999983 998097
999973 995839
999955 997666
999998 998682
999954 998210
999975 995309
999971 997526
999992 999477
999971 998580
999996 999943
999989 998002
999992 997903
999967 995947
999994 999490
999962 998558
999953 996012
999951 999345
999959 999126
999956 999904
999964 997455
999963 997509
999985 995037
999962 996432
999962 998524
999967 997782
999984 998908
999960 998406
999953 999276
999963 997025
999981 995945
999957 997475
999970 999534
999957 998808
999960 996127
999982 998763
999970 999122
999959 999993
999974 998602
999976 997320
999952 996436
999991 995593
999997 999534
999957 999449
999974 995648
999992 999870
999993 995705
999987 998549
999954 996461
999988 996194
999954 998364
999985 999818
999960 997172
999974 995292
999962 999882
999966 997900
999991 996362
999993 998957
