100
999961 995571
999953 998056
999998 996235
999961 997802
999961 999394
999970 997046
999999 997518
999965 999926
999994 998857
999981 997235
999988 997231
999958 998535
999954 996466
999987 998034
999958 999086
999955 995342
999995 995369
999951 999455
999955 998791
999985 999212
999956 997616
999982 998752
999976 996854
999959 999496
999981 997068
999998 997340
999972 997516
999982 995704
999987 996774
999958 995467
999956 998895
999962 996461
999966 996501
999990 996811
999973 995469
999982 995773
999973 995928
999980 999162
999956 995498
999966 995789
999976 997684
1000000 995512
999963 999946
999970 997830
999996 997248
999993 996228
999989 997752
999951 997703
999963 997252
999969 995489
999962 999184
999960 998101
999960 999434
999980 995190
999976 998216
1000000 999794
999953 995050
999996 996100
999977 998816
999964 996716
999992 995873
999973 995855
999958 999281
999981 998822
999961 996719
1000000 996549
999998 995573
999955 998310
999999 999208
999971 997235
999978 996773
999973 996971
999968 995981
999995 996819
999983 999295
999966 999509
999962 998775
999954 999737
999959 996218
999986 996884
999981 997870
999991 997486
999994 999027
999982 995745
999978 997943
999964 997953
999972 998656
999985 995187
999954 995290
999983 996730
999987 996485
999960 997049
999986 998899
999966 995611
999995 998993
999963 996700
999984 998224
999951 997601
999996 997278
999968 999133
