100
999951 998619
999972 999750
999951 998202
999973 997569
999986 999152
999970 996224
999961 997030
999966 999316
999953 995100
999994 998114
999990 995363
999978 999848
999999 998087
999986 996892
999981 998209
999978 997294
999992 995430
999980 996847
999966 999292
999992 997603
999974 997700
999980 999310
999975 995883
999980 997994
999957 998528
999989 998724
999972 997897
999982 998017
999958 999869
999978 996967
999959 995787
999966 998553
1000000 998601
999991 998496
999996 998464
999964 998633
999992 995868
999999 995894
999987 996567
999993 995029
999951 998642
999987 996282
999998 999620
999989 999818
999985 999206
999993 996214
999967 999694
999993 999857
1000000 995167
999981 998483
999964 996746
999962 998443
999987 998706
999971 996661
999987 996872
999962 997664
999995 997738
999956 999348
999966 998243
999997 995494
999956 999599
999993 999738
999994 995123
999988 999884
999967 996594
999988 996217
999960 999130
999984 996898
999959 997645
999964 999052
999966 997544
999979 997326
999974 999309
1000000 999935
999977 999488
999987 997297
999982 999433
999954 997028
999961 995276
999968 997142
999959 998926
999954 996154
999952 998019
999961 996835
999987 995259
999952 997475
999951 997603
999959 996731
999966 995122
999960 996759
999953 995742
999973 997344
999972 998385
999959 997026
999968 999931
999954 997827
999979 996174
999991 999208
999991 995681
999990 997152
