100
999988 999959
999983 996931
999959 995124
999976 999335
999961 998520
999981 995795
999994 997018
999986 999786
999955 996453
999955 998052
999968 997987
999976 995536
999960 996866
1000000 999060
999985 998910
999967 996163
999992 998123
999994 998750
999983 997298
999968 996770
999962 999043
999959 997949
999983 995554
999955 995145
999997 997737
999972 998559
999993 998162
999976 995448
999958 998951
999961 999476
999986 996493
999966 999026
999973 996028
999974 995158
999977 998156
999999 997792
999988 996787
999991 995555
1000000 999419
999956 997996
999953 997544
999956 995176
999974 996594
999994 998030
999955 998780
999971 997053
999978 995439
999965 997184
999992 997501
999955 997088
999978 997917
999954 995151
999956 997916
999984 997045
999988 996406
1000000 998138
999961 998891
999984 998304
999983 997585
999962 999676
999979 997486
999973 998933
999967 996455
999954 996688
999974 998458
999975 996908
999959 995951
999965 996078
999971 997765
999969 998497
999982 995459
999997 996768
999970 997243
999976 998481
999955 998701
999985 998488
999970 998534
999986 995056
999993 998537
999993 996240
999996 999167
999966 997017
999993 998855
999968 996280
999975 997162
999970 998086
999952 998707
1000000 999265
999994 995870
999970 999425
999961 998199
999981 998053
999958 998981
999965 999017
999954 998499
999964 996808
999973 995700
999952 995079
999957 999216
999977 998470
