100
999977 996434
999960 995988
999997 998104
999960 999240
999959 995759
999992 996223
999984 998378
999989 999392
999969 997366
999969 995359
999959 995992
999975 995290
999957 996131
999959 996409
999985 996579
999962 996133
999969 996662
999964 996072
999962 998114
999972 997022
999994 996118
999994 995212
999952 999276
999990 998481
999990 997220
999962 998408
999996 996449
999979 996785
999993 995603
999982 999536
999969 997076
999987 995194
999963 996437
999951 995799
999970 998873
999989 997071
999983 999712
999986 996783
999964 995534
999954 997925
999981 997752
1000000 999614
999997 997327
999980 995427
999963 996888
999963 998760
999951 995632
999967 996348
999995 997514
999987 995267
999988 998615
999975 998673
999956 998268
999952 999610
999983 999367
999969 995204
999966 999812
999989 999967
999994 998513
999998 998717
999975 995357
999986 998011
999959 998726
999988 995353
999968 995154
999966 996274
999995 996605
999971 998039
999997 999051
999966 997323
999975 997480
999990 997832
999999 998289
1000000 996727
999994 998192
999997 999498
999959 995216
999992 995481
999981 995516
999967 998829
999951 998749
999952 995381
999970 997346
999995 997523
999994 999716
999994 995758
999990 999669
999956 996783
999960 996389
999979 997055
999953 997601
999967 995425
999954 997709
999973 995407
999984 999035
999983 996190
999971 996635
999979 996785
999957 998638
999952 996321
