100
1000000 999160
999956 995844
999984 997916
999954 996290
999956 995434
999958 998500
999986 998161
999965 996137
999970 998861
999953 995753
999993 999833
999987 999281
999988 999848
999981 997764
999963 995305
999965 999362
999954 995411
999976 995068
999956 995238
999972 996480
999978 995162
999971 999380
999964 998163
999974 996485
999986 998984
999967 997075
999953 995327
999974 998602
999966 997841
999993 996753
999965 999377
999987 999906
999974 999968
999954 998113
999991 999980
999990 999525
999953 996869
999980 995760
999993 996717
999998 999352
999974 996779
999955 996813
999964 995077
999966 997279
999980 995428
999954 997007
999962 998795
999961 998239
999952 995534
999961 996264
999987 998241
999960 997951
999961 995638
999952 998789
999989 998252
999980 998998
999961 996863
999988 995783
999962 996225
999952 997153
999960 995742
999985 995104
999993 999720
999953 999243
999955 999695
999986 999414
999965 997240
999976 996694
999981 999723
999975 996176
999974 995919
999980 996653
999986 995984
999959 997017
999970 999146
999986 997509
999963 996978
999997 995368
999961 995956
999999 995598
999962 997414
999954 995883
999976 996025
999996 996180
999955 995355
999972 996018
999971 997529
999963 996351
999968 995106
1000000 999369
999978 996186
999962 996435
999953 999490
999994 997157
999953 995062
999976 998392
999975 996415
999987 997130
999958 995499
999953 999131
