100
999980 995813
999976 995735
999953 999055
999951 997347
999956 999349
999978 998700
999981 999757
999986 995834
999972 997043
999962 999456
999966 998831
999999 995932
999964 998971
999959 999261
999980 997716
999977 996528
999961 999608
999963 995700
999997 997863
999962 997612
999961 995002
999957 995138
999971 996042
999983 996341
999996 998641
999971 995543
999973 996162
999981 997770
999979 998187
999951 997887
999965 996207
999965 996727
999977 998974
999987 998126
999985 999122
999974 999049
999984 999344
999986 997531
999969 998805
999994 995767
999958 998315
999975 998565
999983 995081
999968 995553
999990 995662
999969 996467
999994 996503
999977 996332
999957 999269
999990 997313
999960 997490
999984 997514
999992 997844
999997 995868
999985 996211
999974 996390
999953 996593
999972 996299
1000000 998585
999997 998590
999957 998940
999993 999763
999995 996898
999967 995919
999980 999200
999990 999557
999968 996890
999981 998524
999992 999410
999969 997326
999966 999675
999966 996091
999990 995966
999951 995238
999976 997889
999977 998798
999961 996180
999978 995919
999986 998303
999953 997893
999997 997366
999954 997840
999964 996815
999973 999933
999958 999403
999978 997790
999981 999622
999988 997641
999979 999919
999956 995139
999984 995354
999982 996932
999999 999793
999996 998260
999951 996985
999999 999246
999984 995898
999963 999551
999983 997098
999999 996234
