100
999972 996286
999976 995791
999991 999978
999998 998208
999977 997261
999973 995148
999955 998791
999973 995061
999966 995168
999968 997483
999998 996168
999993 999692
999997 996566
999975 998889
999954 996099
999985 996315
999954 996474
1000000 998009
999967 996695
999954 999497
999993 995441
999982 995824
999985 995497
999965 995253
999986 999101
999967 995430
999970 998084
1000000 997160
999996 999817
999964 996724
999987 996148
999972 995596
999955 996088
999983 997722
999967 998469
999960 999034
999958 999159
999954 996790
999993 999391
999990 997617
999997 999779
999962 996057
999965 996817
999983 996160
999982 996561
999957 999845
999991 996866
999954 998979
999998 999045
999964 995737
999969 999863
999972 995072
999962 996925
999966 995974
999990 998905
999982 997104
999959 996637
999953 995194
999951 998673
999982 998734
999979 996533
999999 995238
999965 997667
999962 996353
999987 996861
999973 997874
999996 997804
999978 999393
999966 998456
999961 999692
999995 998956
999991 998341
999984 997252
999973 996342
999976 997183
999964 998454
999990 997302
999967 995762
999963 998853
999963 995329
999951 995148
999999 996084
999977 999797
999951 996327
999967 999491
999997 997910
999951 995110
999961 997687
999979 998433
999966 996934
999986 997752
999952 997979
999989 995024
999976 997319
999996 996800
999997 998237
999969 998147
999992 997194
999971 998446
999986 998493
