100
999981 996945
999978 997164
999997 999888
999969 996169
999989 996560
999988 998797
999996 997268
999999 996472
999956 999012
999989 995698
999984 996480
999987 999902
999971 996044
999995 998434
999981 996347
999990 997015
999979 996411
999999 999018
999985 996473
999981 996366
999961 995373
999989 999869
999989 997507
999966 997137
999985 997594
999972 996303
999954 995917
999961 996208
999992 997775
999972 995653
999968 999372
999981 996062
999977 995494
999965 999378
999992 997562
999983 997296
999963 998202
999957 997871
999956 995802
999994 999523
999975 995139
999956 999765
999973 997029
999954 996665
999968 999263
999983 997573
999983 998633
999975 995362
999990 996010
999971 998390
999986 999131
999983 998802
999973 996499
999999 996690
999960 998977
999966 997992
999957 995685
999964 998820
999982 997378
999991 996166
999987 996450
999981 997571
999983 999669
999979 995154
999994 996320
999951 997898
999999 997878
999977 996432
999970 997020
999996 995325
999965 996630
999965 995112
999981 999722
1000000 998677
999990 996711
999961 997389
999958 995877
999996 995539
999993 996540
999958 999872
999970 997884
999962 996959
999991 998117
999986 998786
999959 998809
999988 999780
999992 999724
999994 997753
999977 997471
999982 995194
999981 998567
999994 995990
999977 998486
999974 998637
999959 999518
999952 995182
999991 996279
999995 996811
999997 999180
999989 998179
