100
999961 999737
999971 998521
999984 996151
999952 999097
999966 995273
999974 995548
999979 995230
999984 998394
999990 995157
999978 998012
999955 997385
999961 996015
999981 995202
999959 996681
999973 998729
999963 995714
999983 999882
999983 997832
999978 999765
999988 999883
999981 998342
999970 995912
999954 995357
999962 996704
999964 995543
999976 995589
999952 995417
999966 996386
999967 998581
999960 996425
999989 997638
999970 998071
999952 995022
999987 997200
999983 996478
999970 998473
999982 996161
999966 997040
999992 995986
999977 999328
999967 995756
999972 996752
999986 998817
999998 999086
999961 999853
999988 998355
999976 997649
999969 998658
999958 995976
999954 999753
999976 996588
999999 995922
999962 999906
999991 997915
999993 999002
999957 999716
999968 995807
999974 999577
999961 998254
999954 997021
999976 997822
999969 997892
999998 995450
999975 995437
999990 999703
999991 998879
1000000 997064
999969 997688
999953 996410
999961 996508
999974 996494
999951 998816
999991 996339
999991 995572
999991 999352
999974 998643
999983 996617
999967 999940
999977 995380
999981 998492
999968 999215
999979 995022
999960 999466
999976 996896
999954 996961
999953 996287
999951 999627
999964 998051
999973 995792
999992 997855
999997 999864
999979 999613
999953 996680
999958 995844
999983 998578
999993 999439
999959 999001
999967 997720
999965 995819
999978 999343
