100
999991 995582
999973 996635
999972 996123
999952 995490
999995 996762
999960 999988
999987 995335
999971 996089
999954 998750
999992 997262
999977 996099
999968 997017
999968 995737
999999 999535
999964 998416
999998 997324
999956 996303
999976 997519
999958 995878
999987 997327
999963 996503
999986 995997
999983 995597
999995 996755
999967 998435
999984 996285
999952 995242
999979 996950
999984 996768
999984 995526
999997 998896
999999 999181
1000000 999103
999979 996272
999997 998356
999957 998564
999960 996858
999955 997641
999996 998941
999976 995449
999984 997061
999953 995558
999956 998683
999951 996930
999953 997640
999986 999282
999961 997600
999951 995382
999952 998811
999964 998980
999993 996197
999955 997969
999959 995751
999990 995509
999956 995005
999963 999364
999972 999988
999971 996664
999993 999726
999965 997769
999951 998344
999994 997549
999979 999162
999971 996295
999973 996881
999978 996083
999951 995114
999963 996132
999989 998308
999961 997853
999967 999895
999981 997674
999987 995787
999962 997201
999968 996578
999972 996525
999974 995669
999979 999514
999957 995652
999981 995100
999982 998380
999991 999258
999988 998881
999987 996654
999956 999327
999970 997798
999969 995371
999955 996401
1000000 998456
999982 998965
999990 995868
999985 998604
999966 998212
999962 998664
999961 996223
999951 998692
999998 997241
999972 999040
999993 995636
999961 996959
