100
1000000 995938
999958 999647
999969 995419
999994 996362
999977 995837
999989 995515
999973 999120
999993 999950
999969 999390
999984 999287
999956 995487
999983 996790
999961 998414
999975 996073
999997 996366
999952 996262
999959 998945
999964 997058
999969 999728
999963 997056
999971 999446
999964 997649
999999 997294
999982 996257
999992 997718
999953 996213
999951 997747
999959 995433
999954 999762
999975 995284
999996 995699
999994 999375
999982 996103
999981 999008
999962 998499
999995 998691
999990 997283
999975 995159
999964 997587
999955 997204
999967 997904
999999 995806
999989 998716
999978 999108
999989 995040
999989 996901
999975 999585
999987 995382
999988 997707
999956 995166
999955 997749
999980 997799
999956 998845
999982 996904
999956 995318
999972 995385
999990 996173
999987 997520
999976 996077
999967 997015
999965 998315
999999 995503
999985 998838
999995 997234
999998 998923
999970 996399
999996 998552
999995 998999
999953 999452
999970 996124
999959 998659
999980 996640
999958 996347
999971 995665
999978 998083
999998 995836
999989 998891
999979 997945
999977 997224
999994 997922
999971 998522
999972 995114
999963 995815
999967 996767
999991 998664
999971 998685
999972 998047
999992 998099
999964 996780
999963 999113
999996 995091
999982 996260
999953 999935
999956 996710
999982 996679
999951 999248
999962 997600
999965 995923
999988 997122
999986 997329
