100
999990 999916
999984 999757
999969 998912
999964 999892
999960 998457
999970 998064
999991 999445
999994 997482
999951 996009
999974 996897
999951 996822
999994 995759
999990 997161
999983 996210
999968 997270
999984 999829
999984 997458
999970 999268
999958 997052
999957 999632
999996 998168
999961 999625
999956 995485
999994 998003
1000000 996207
999979 999667
999974 998398
999957 999871
999980 995112
999982 996140
999967 997246
999954 998216
999984 997850
999952 996074
999954 998939
999955 997707
999982 997050
999982 997015
999968 998086
999991 997676
999991 999917
999963 995970
999988 995065
999975 996170
999960 999216
999962 996207
999971 996926
999974 996166
999988 999202
999991 996974
999981 995242
999990 998896
999961 995661
999996 997122
999997 999576
999991 996687
999954 995788
1000000 995104
999974 995792
999958 998325
999979 997232
999956 995118
999984 996250
999952 996230
999954 995820
999962 998593
999988 996533
999993 997002
999971 997047
999973 999587
999974 996216
999954 999764
999966 996226
999966 995152
999974 998438
999969 999322
999990 995303
999953 997123
999952 995724
999994 997004
999995 995204
999986 996254
999953 995381
999977 997577
999964 999674
999990 997698
999959 997086
999961 996542
999991 999625
999962 998977
999998 997465
999968 997379
999952 997738
999959 997969
999973 996502
999953 997301
999954 997865
999996 995737
999964 999105
999979 999321
