100
999976 999183
999973 998618
999959 997331
999980 998227
999981 995233
999965 997974
999951 996934
999999 997465
999998 997651
999992 996488
999983 999324
999971 996933
999991 995675
999965 998070
999975 995531
999962 996958
999974 999449
999980 996735
999959 997333
999964 997310
999982 997040
999974 998028
999991 997583
999984 998470
999958 997587
999961 998774
999957 998839
999961 998781
999951 996947
999976 999724
999982 998724
999973 999488
999971 995906
999987 999953
999961 998480
999970 998101
999977 999842
999975 998141
999961 998917
999952 996306
999980 995217
999953 997062
999993 999434
999979 995864
999988 996342
999965 996155
999993 995918
999974 998238
999988 995514
999991 998711
999960 997749
999991 998161
1000000 995236
999951 998663
999969 995209
999975 997953
999963 998697
999981 998128
999990 998154
999995 998160
999965 998228
999994 998208
999996 998606
999967 999618
999977 996932
999980 995408
999969 996085
999971 997271
999982 997166
999975 997770
999970 999551
999997 996448
999976 998033
999986 995026
999983 995864
999992 999329
999987 996148
999951 995534
999952 997631
999962 996168
999976 995777
999961 999242
999961 998793
999959 996830
999997 998390
999991 996981
999979 997617
999998 999836
999959 996652
999966 999132
999961 995342
999988 995255
999989 995998
999976 998539
999955 999588
999963 996838
999978 999931
999971 999522
999951 998537
999977 998330
