100
999962 998811
999970 999022
999982 998984
999976 997969
999959 999055
999991 995783
999998 998732
999956 998796
999972 997652
999991 996618
999990 995114
999984 997244
999958 999160
999956 999851
999956 996511
999971 999556
999975 999816
999999 996539
999956 995707
999960 996473
999953 997164
999996 995449
999993 995201
999952 997850
999966 995415
999979 999991
999985 995906
999965 997213
999961 999043
999952 998121
999974 995565
999981 998171
999959 998549
999954 997828
999998 996513
999977 999962
999959 998851
1000000 998221
999968 996952
999965 999200
999991 997834
999987 996544
999955 995074
999965 997452
999971 998116
999979 996966
999987 999193
999990 997709
999985 999846
999958 997942
999954 997133
999982 998683
999951 996963
999963 995979
999979 995269
999951 998578
999972 998017
999991 999138
999988 996174
999988 995855
999971 998106
999999 995266
999975 997958
999951 997336
999978 995808
999990 996457
999988 998181
999992 997572
999951 999339
999956 996354
999980 997377
999992 995006
999992 997349
999973 997133
999988 996677
999983 996461
999977 999457
999962 995730
999966 998350
999957 997513
999968 998343
999972 995745
999965 996406
999992 997612
999964 999163
999988 997648
999954 996193
999992 999230
999963 999093
999970 997065
999974 997998
999953 995553
999981 997548
999996 997165
999976 997996
999989 997351
999996 999592
999997 995159
999971 998708
999971 995389
