100
999974 999056
999984 996210
999962 995145
999978 995531
999982 997513
999963 995615
999981 996278
999993 998779
999964 995567
999956 999493
999976 996483
999969 996738
999971 997003
999998 998212
999998 996997
999953 996750
999957 998970
999963 998685
999966 998869
999979 996891
999954 998395
999973 998942
999968 998585
999999 998664
999955 998432
999963 999403
999991 999578
999981 998980
999992 997760
999957 995676
999976 998388
999956 999457
999992 997681
999999 998768
999959 996005
999998 996578
999968 996812
999995 996369
999983 999184
999966 996844
999997 995486
999964 999827
999957 996036
999995 995292
999968 999646
999984 997200
999955 997042
999972 997687
999955 997094
999999 999919
999995 997114
999974 999795
999964 999313
999994 995266
999958 999845
999981 998408
999984 995652
999988 995394
999986 997041
999985 999131
999978 995302
999994 998368
999955 995283
999977 995714
999983 996158
999970 999124
999969 995778
999988 999493
999957 998731
999976 995882
999990 999165
999967 998906
999998 997524
999962 995152
999981 998634
999984 998547
999963 997909
999989 999928
999991 995266
999974 997864
999987 999922
999999 998343
999984 999554
999984 998085
999967 999891
999954 996860
999964 996905
999976 996168
999970 997362
999994 996288
999983 997899
999957 997228
999953 997693
999959 996294
999958 995092
999964 998030
999973 999793
999996 995713
999998 996505
999994 996278
