100
999993 995931
1000000 997705
999991 996804
999979 997185
999976 997798
999958 998760
999954 998763
999978 995048
999958 999897
999955 998276
999975 999445
999958 996187
999962 998422
999984 996986
999964 999947
999975 998644
999996 998805
999957 999525
999958 998487
999982 997286
999994 998233
999994 996088
999985 997896
999992 996022
999996 998191
999986 999895
999979 996619
999990 999892
999977 997291
999988 997674
999965 996739
999994 996763
999986 998609
999996 999801
999985 998941
999974 997028
999965 999077
999972 996466
999988 997898
999989 998412
999955 999081
1000000 997373
999965 996684
999975 999388
999959 997790
999979 999860
999971 999322
999981 995073
999972 998854
999993 998675
999952 999257
999983 997265
999981 997465
999961 998953
999963 996219
999998 995100
999971 997968
999951 999647
999983 998386
999973 997274
999982 998392
999964 999352
999972 996052
999954 999293
999967 995242
999998 999997
999962 997317
999980 996479
999980 999641
999960 997441
999989 995093
999959 998455
999952 997310
999994 996360
999983 999433
999974 999167
999966 998063
999965 999186
999978 998886
999978 996317
999962 995093
999960 997274
999951 995872
999963 995840
999981 996481
999972 995020
999975 999470
999978 996930
999988 995225
999958 998420
999986 999219
999981 996130
999965 998400
999986 995044
999960 997441
999984 995062
999983 999970
999991 998592
999982 998384
999962 996354
