100
999989 995929
999986 998308
999963 998549
999997 996025
999952 995944
999974 997809
999957 999566
999963 998761
999988 998421
999997 995832
999990 995183
999956 995963
999995 998319
999979 999408
999986 996090
999967 995317
999972 997973
999972 999553
999976 995735
999978 999069
999977 998228
999992 997800
999959 995532
999953 995154
999984 996997
999978 999447
999960 996472
999989 996184
999990 998602
999992 999467
999982 996526
999997 995358
999959 995704
999986 999669
999987 997784
999960 995412
999962 999262
999992 996101
999953 997069
999966 996042
999987 998185
999956 998542
999973 999547
999997 998095
999960 997613
999986 996488
999994 999641
999993 995933
999999 999053
999987 997727
999989 996634
999996 996496
999995 999999
999968 997986
999978 996148
999983 999782
999971 998165
999959 997637
999979 995344
999955 996804
999992 995589
999978 998039
999969 998786
999986 996518
999995 996868
999952 998323
999967 996031
999980 998046
999982 999712
999958 996745
999975 998707
999970 998840
999975 997146
999988 995527
999980 999504
999990 996390
999979 999270
999955 997618
999984 997048
999966 999541
999962 997028
999957 996066
999962 999978
999988 997737
999980 998791
999998 997845
999983 998304
999998 996666
999992 995458
999959 995235
999975 998170
999990 997349
999967 999702
999999 999143
999982 997750
999976 999313
999978 998843
999969 995133
999968 999490
999981 995807
