100
999951 996275
999958 999716
999975 995779
999997 996415
999959 999348
999993 999742
999985 999645
999975 997801
999980 995299
999995 999193
999990 999152
999966 995342
999987 999599
999984 998058
999955 996356
999981 995370
999986 995204
999981 997486
999951 995058
999954 999426
999968 999160
999952 999647
999995 996003
1000000 998525
999968 996625
999977 997495
999984 997806
999954 999593
999998 999821
999975 996486
999953 999151
999953 996103
999989 999237
999995 997633
999959 996138
999998 995996
999991 996226
999977 996398
999973 995386
999961 995826
999971 996289
999994 996436
999976 999805
999973 996498
999982 999622
999973 998098
999999 997135
999971 996776
999957 996438
999976 999314
999960 995115
999989 996521
999967 999600
999984 995866
999992 995137
999976 995644
999978 998660
999963 995520
999966 995404
999974 995386
999981 997297
999982 997447
999970 998628
999965 999451
999964 995927
999990 996289
999958 999074
999972 999679
999994 996672
999959 995955
999997 995884
999992 996883
999952 995975
999976 995304
999988 996716
999961 998700
999994 995117
999994 995740
999991 996312
999989 998809
999996 998955
999976 996928
999955 998851
999973 997646
999951 995799
999980 997332
999965 998848
999970 998522
999976 995265
999978 997144
999992 996811
999978 996937
999977 999286
999998 995672
999979 996515
999968 996484
999960 996874
999975 999442
999987 997315
999963 999896
