100
999970 995396
999983 998928
999951 999209
999960 999223
999996 998337
999998 996655
999983 999726
1000000 995105
999956 997286
999969 999627
999959 996926
999991 996568
999956 997641
999994 995092
999986 997806
1000000 995030
999958 998304
999963 996730
999953 998259
999994 999220
999975 999299
999975 996541
999996 998406
999991 999473
1000000 997749
999973 998010
999975 998958
999997 998314
999954 995379
999985 997188
999968 999088
999989 998682
999962 999823
999980 998552
999970 995013
999962 996973
999962 997295
1000000 996985
999958 997456
999955 995039
999997 999205
999961 998527
999989 998570
999998 997058
999994 996190
999978 995781
999963 998759
999982 999965
999966 998523
999986 998960
999983 998584
999978 996496
999981 996743
999998 995226
999963 998586
999989 998051
999978 995610
999977 998250
999956 995714
999954 995423
999954 996849
999958 995830
999994 999314
999987 997838
999998 997958
999992 995020
999966 997730
999971 996068
999994 998644
999978 997319
999969 998855
999962 997317
999965 995595
999959 995939
999962 998171
999968 996861
999988 996214
999976 999276
999962 995780
999988 995660
999980 997559
999987 998928
999995 995844
999988 997058
999976 999937
999991 999014
999979 998393
999988 996903
999990 999194
999962 998944
999955 996500
999964 999680
999953 997143
999973 996889
999999 998365
999972 995309
999986 996877
999971 998509
999966 997879
999964 995856
