100
999988 995806
999988 995881
999955 998796
999975 999288
999993 999918
1000000 996070
999997 999519
999958 996594
999959 996604
999985 997830
999991 998138
999955 997813
999960 996531
999952 999232
999955 995129
999982 999861
999991 998941
999984 998420
999956 995144
999962 998757
999977 997798
999965 998562
999954 996071
999975 999723
999953 995711
999997 997158
999970 995542
999973 995151
999981 999578
999956 996422
999983 995284
999975 997936
999956 995672
999965 999257
999964 996359
999955 999525
999984 997840
999961 998770
999991 999186
999996 995234
999991 998342
999984 996041
999990 996009
999987 999605
999977 997871
999955 998941
999977 995957
999977 996027
999984 996880
999989 999740
999964 998297
999985 996044
999962 999646
999982 997344
999978 995603
999995 997376
999964 999969
999978 997829
999984 996904
999974 996564
999955 997108
999963 996577
999952 997381
999961 996990
999979 995183
999980 996148
999990 999641
999985 996913
999957 999302
999953 996767
999990 996835
999953 997498
999975 999854
999958 997781
999995 995057
999963 995180
999954 998497
999976 997526
999963 995304
999987 998787
999983 999892
999981 998967
999978 999423
999973 996116
999981 998785
999969 995926
999972 999321
999973 997422
999951 996047
999952 998228
999956 996843
999990 995564
999988 996108
999961 999866
999951 999901
999991 996898
999962 995884
999955 996622
999988 999040
999974 999976
