100
999975 995401
999986 996594
999987 995212
999958 999486
999962 996690
999978 995499
999954 999312
999962 995310
999959 995397
999974 999640
999984 996900
999975 997824
999952 995465
999969 998187
999978 997290
999990 996163
999957 999502
999962 997576
999959 995042
999982 997970
999969 999171
999981 995160
999967 999370
999967 997693
999981 999476
999974 996639
999962 998965
999978 996049
999984 999362
999999 995096
999957 998661
999963 996637
999961 997663
999955 995173
999991 998570
999990 998084
999994 995259
999977 998519
999959 997361
999985 998044
999981 995840
999952 999156
999953 996441
999952 996530
999974 996736
999997 999749
999986 995180
999991 997208
999981 999247
999966 997844
999978 999172
999979 999204
999973 997819
999978 996356
999998 996230
999969 999312
999966 996378
999969 999169
999999 995969
999955 997269
999968 995972
1000000 998102
999960 998404
1000000 996291
999983 996339
999958 999114
999968 998710
999979 997237
999990 999689
999968 995357
999967 995288
999964 996635
999954 995433
999951 996780
999997 995151
999971 999106
999955 998362
999966 999571
999960 996165
999951 998064
999976 995940
1000000 995309
999994 999144
999980 999827
999982 998434
999969 997046
999981 995796
999977 996331
999961 998133
999984 996278
999981 999455
999967 996702
999971 998534
999997 998231
999992 998078
999968 999498
999957 995768
999959 997316
999993 999648
999982 996039
