100
999997 998179
999982 996101
999987 998438
999958 996942
999953 997871
999954 999314
999982 995925
999951 995150
999952 998690
999953 995659
999986 996410
999969 997743
999966 997574
999985 997840
999989 999934
999960 996966
999965 996384
999971 998392
999982 999700
999968 999377
999989 997635
999958 999372
999971 997771
999959 997259
999967 998623
999981 998359
999952 998451
999975 997599
999987 998116
999999 997358
999973 999073
999957 999809
999999 999686
999985 998926
999953 999479
999964 995603
999975 999290
999959 999322
999979 998144
999964 995817
999976 996794
999994 999095
999994 998926
999991 999917
999974 995780
999953 998738
999995 996597
999983 998958
999983 999044
999971 999316
999969 999834
999973 999285
999955 998541
999983 999832
999997 996132
999975 995747
999991 998473
999996 996817
999984 995183
999963 998087
999973 999008
999953 999464
999969 997668
999960 999183
999999 999952
999986 997531
999964 997065
999956 997557
999988 996367
999999 995939
999983 996685
999955 999072
999989 995174
999957 999851
999986 997622
999980 999967
999979 997059
999977 999530
999963 995148
1000000 998735
999966 997212
999975 998533
999990 996730
999997 998531
999967 997126
999958 999244
999965 998450
999972 996263
999962 999204
999974 996277
999994 996348
999955 997103
999983 997970
999966 996782
999965 998994
999956 995513
999996 995431
999959 997778
999959 998784
999959 997554
