100
999966 995528
999969 998393
999993 998700
999957 997157
999975 995515
999992 995276
999962 997018
999972 996027
999973 999492
999971 996541
999978 998711
999972 995273
999958 999557
999957 995709
999998 999944
999969 997369
999960 999464
999962 996588
999993 997553
999966 996566
999992 995365
999983 996007
999982 995303
999995 996002
999991 998553
999964 996013
999986 996169
999974 999334
999990 995194
999985 998729
999996 996138
999999 997904
999990 997804
999957 996061
999977 999180
999995 995720
999977 998116
999967 995576
999976 996057
999959 995510
999973 995065
999983 995521
999954 997809
1000000 999255
999981 997192
999980 995435
999987 996377
999980 996227
999987 995127
999955 998185
999955 998562
999978 997500
999973 999280
999986 997393
999952 995597
999961 999945
999964 999425
999983 995542
999997 998968
999960 998883
999966 995076
999952 998137
999962 999953
999978 999280
999963 998947
999958 996682
999982 998665
999995 997834
999976 999553
999999 996929
999972 998128
999953 999458
1000000 999635
999951 998434
999965 998445
999970 998410
999995 998931
999982 999972
1000000 998207
999953 996259
999991 997661
999976 998309
999991 995771
999971 999270
999997 995017
999993 999120
999978 995368
999953 999345
999977 997226
999971 997254
999962 997391
999970 999191
999961 998155
999961 997501
999960 995711
999971 997162
999969 995349
999970 998345
999963 998910
999976 995091
