100
999966 995317
999956 997830
999978 995571
999969 997345
999961 998405
999999 999000
999990 995003
999978 995375
999973 999763
999961 998674
999968 999813
999978 995898
999956 999318
999978 998444
999954 999811
999978 997637
999967 996819
999988 997534
999977 995593
999998 995307
999955 997187
999990 998094
999967 997545
999958 996666
999990 999240
999951 998419
999967 996455
999973 999727
999970 997971
999982 995349
999986 999122
999989 996558
999991 998453
999993 999275
999980 997618
999953 995339
999983 996185
999980 995643
999959 995550
999988 999685
999952 997648
999953 999786
999963 999716
999987 998524
999973 996331
999952 999116
999974 996858
999959 998689
999963 999765
999980 995300
999988 996193
999975 999483
999973 997719
999968 998403
999988 996082
999978 995354
999990 998487
999953 995129
999951 999652
999983 999538
999954 996173
999979 995083
999971 997975
999988 999286
999985 995382
999973 997418
999998 998871
999990 996248
1000000 999321
999951 998506
999959 996386
999973 995076
999955 997647
999999 996724
999961 996153
999976 996929
999960 998563
999988 999005
999991 999431
999961 997925
999993 996524
999995 998683
999979 999539
999958 996984
999990 996877
999962 996558
999982 997997
999993 996783
999956 999135
999988 996590
999967 999767
999980 997614
999967 997826
999955 998515
999990 997205
999979 999365
999996 995431
999969 999123
999955 995275
999951 997477
