100
999992 998596
999994 998372
999997 997017
999966 997571
1000000 997612
999979 997957
999966 998109
999968 999463
999997 995096
999975 998587
999953 999915
999957 997573
999951 995818
999967 998388
999984 995406
1000000 998736
999956 996173
999990 997994
999962 999653
999964 998806
999961 995512
999968 995293
999954 995675
999971 997634
999971 999900
999963 998993
999966 999874
999991 997218
999956 995567
999973 996006
999992 995387
999960 997270
999964 995497
999998 998398
999952 998124
999983 999710
999952 999911
999986 998199
999983 997054
999952 995004
999997 997054
999975 999065
999983 999211
999976 996266
999972 995536
999971 998047
999967 995661
999956 999779
999977 999228
999952 998604
999963 997677
999988 998283
999982 996963
999967 996822
999974 997315
999966 999618
999981 998119
999980 998591
999955 998613
999997 999404
1000000 999425
999986 997368
999997 997767
999993 999892
999993 998972
999997 997994
999975 995456
999969 996533
999953 996406
999969 995084
999952 997476
999993 995385
999974 995680
999991 996572
999974 996129
999951 995738
999954 997074
999988 997935
999976 997549
999969 999131
999973 998617
999973 995466
999999 995697
999953 995140
999974 999002
999976 998120
999954 998573
999953 999368
999988 999776
999952 995842
999980 999212
999983 998753
999988 996982
999981 998421
999952 998162
999979 999700
999964 998324
999971 999500
999990 999461
999963 999772
