100
999990 999777
999961 998994
999959 998668
999970 996659
999983 996107
999992 997335
999971 998650
999955 997475
999999 998900
999965 996429
999972 996571
999982 995957
999959 999284
999974 995786
999990 995971
999996 997115
999959 998379
999997 996354
999961 997017
999972 995867
1000000 998542
999992 996163
999988 999418
999968 998195
999973 996035
999954 996080
999987 997245
999977 999786
999971 999845
999964 999698
999963 998009
999988 998860
999962 997922
999987 997082
999997 995523
999964 999006
999967 998446
999964 999904
999998 997455
999987 999830
999960 996369
999962 998391
999976 996594
999987 997438
999986 997395
999954 999551
999959 997597
999967 995439
999971 995920
999993 997753
999957 999118
999962 999155
999956 999224
999977 999076
999955 999452
999971 997464
999954 998463
999957 996731
999969 997678
999973 995144
999993 999953
1000000 999125
999964 995401
999971 996716
999967 995733
1000000 996412
999964 998524
999996 996062
999985 996920
999972 996723
999984 996338
999951 995841
999972 997336
999964 998505
999997 995388
999989 998735
999960 995639
999988 996538
999952 996071
999954 996009
999969 998667
999989 996654
999963 995283
999951 997235
999956 998796
999982 995871
999962 995440
999976 997231
999986 997931
999967 996438
999973 996680
999967 995956
999992 998032
999953 995655
999962 998044
999961 999555
999958 996381
999961 997550
999983 996219
999963 996162
