100
999956 999351
999998 998290
999968 997711
999965 995675
999990 996335
999981 997444
999983 996696
999952 997307
999954 995652
999979 998450
999979 997095
999970 999058
999999 997142
999984 996505
999960 995762
999960 999300
999989 995166
999975 999056
999981 995105
999987 998340
999982 998570
999964 995268
999973 999415
999967 995014
999962 997126
999969 999643
999999 995391
999981 998536
999991 999847
999959 998764
999964 999051
999967 998017
999973 995653
999955 995742
999979 996803
999971 999492
999960 997161
999975 996583
999995 999630
999954 995290
999983 997357
999995 996921
999957 997281
999978 997576
999990 995498
999997 996385
999951 998051
999952 996062
999951 995122
999973 996757
999999 998180
999989 999594
999975 999656
999986 995564
999951 995070
999976 998338
999959 999434
999963 998821
999995 995715
999961 996139
999973 996384
999983 996705
999967 995572
999992 995435
999991 998218
999996 999914
999956 997088
999994 999034
999996 997980
1000000 999678
999966 996395
999978 999124
999993 996922
999985 999839
999977 996637
999969 996146
999999 997148
999968 999752
999987 999265
999981 995710
999974 996026
999963 999824
999958 998779
999957 998505
999982 995752
999996 998457
999978 999846
999968 996622
999961 997821
999958 998053
999996 996086
999984 999775
999977 999345
999958 998250
999959 998361
999985 998388
999960 998231
999958 999796
1000000 999366
999968 996065
