100
999966 996606
999990 998009
999999 997675
999970 996534
999967 998213
999997 999948
999958 998567
999984 997616
999957 998940
999979 996135
999969 998318
999999 996980
999955 999680
999990 999919
999987 999562
999966 998073
999982 998151
999974 998956
999989 998031
999991 996794
999992 997254
999969 997338
999952 995247
999987 997603
999985 995006
999974 995264
999994 999554
999982 999873
999991 996097
999959 996672
999993 997276
999975 995475
999978 999475
999953 998549
999990 998567
999969 996044
999982 999380
999977 998938
999991 995631
999987 997462
999975 998926
999978 998961
999981 998617
999963 998657
999979 997272
999996 999020
999992 997369
999994 997271
999968 996220
999987 997997
999991 997106
999985 999256
999992 996070
999951 996112
999971 998383
999956 997338
999997 999946
999963 996732
999989 997428
999998 996924
999993 999365
999984 996544
999963 999085
999955 997226
999972 995578
999984 998740
999994 997911
999979 999169
999978 998486
999967 999330
999966 996149
999993 995121
1000000 995262
999988 996954
999977 995889
999954 999685
999979 998468
999951 995636
999961 997339
999967 996506
999994 996731
999990 995601
999967 999186
999970 995918
999998 995993
999992 995485
999955 999211
999971 995533
999987 996105
999992 999459
999992 995012
999980 999543
999979 997668
999957 999681
999985 996688
999969 997924
999973 998729
999963 996708
999974 995590
999983 997883
