100
999971 995450
999976 995746
999963 999478
999963 997022
999957 997483
999991 997848
999951 999966
999962 998688
999963 998452
999967 998941
999957 995766
999963 998084
999987 999409
999986 999399
999959 997682
999980 998562
999955 996028
999956 995905
999977 998018
999999 997367
999965 998631
999997 998288
999975 996764
999966 999857
999998 995388
999954 998331
999962 999253
999962 999414
999961 999449
999979 998396
999955 996868
999994 997559
999964 998560
999976 997050
999965 996390
999969 999375
999962 996928
999991 995914
999971 998285
999973 997555
999985 999569
999970 998475
999987 995947
999994 996132
999975 998997
999963 998471
999980 997428
999988 996056
999954 998141
999979 996214
999987 999818
999996 996848
999962 996899
999982 995437
999991 997181
999998 997505
999977 997524
999969 997868
999998 996164
999959 999811
999982 999471
999999 998321
999977 997960
999951 997887
999999 996131
999999 999280
999978 995633
999982 996342
999977 997538
999969 996363
999966 997066
999990 998765
999983 995791
999954 996709
999968 999280
999951 999411
999982 998450
999959 999297
999984 995757
999985 997510
999987 998580
999963 995132
999974 996565
1000000 995393
999954 996900
999966 996117
999981 996567
999958 997203
999960 995162
999992 997960
999970 997727
999977 996840
999987 998750
999956 996234
999991 996969
999997 995041
999971 997828
999991 997058
999998 995294
999992 995791
