100
999970 996120
999991 996373
999994 999135
999960 998396
999993 998410
999963 999941
999979 998261
999955 998046
999974 997409
999988 997765
999962 998334
999961 998827
999968 996974
999974 996834
999972 995979
999999 997679
1000000 995190
999975 999788
999983 997494
999954 998135
999973 997474
999983 997815
999961 996600
999958 999088
1000000 995485
999966 996546
999970 998312
999983 997877
999959 997188
999965 999655
999984 997430
999968 997562
999999 998682
999974 995592
999975 999180
999954 995728
999993 999098
999995 999685
999972 999403
999986 998353
999997 999272
999982 996002
999979 997567
999952 995165
999968 997237
999965 995217
999978 999450
999982 999583
999973 998775
999955 997956
999982 996197
999993 998257
999992 995874
999975 998288
999991 995362
999982 997461
999962 998835
999952 999513
999976 995989
999974 998452
999968 996793
999993 998837
999969 996446
999969 998022
999978 995890
999987 996824
999979 998309
999981 999677
999965 996671
999980 995404
999963 998253
999986 998962
999973 999975
999961 995786
999987 999096
999989 996485
999971 997905
999999 995780
999952 997388
999978 996868
999990 998427
999984 999012
999987 996069
999990 996863
999967 998950
999953 997068
999979 997428
999952 997939
999974 996800
999996 995661
999994 997961
999964 995433
999962 996115
999951 997513
999979 998662
999987 999076
999986 995369
999988 996121
999982 999073
999973 997826
