100
999957 995307
999996 997069
999982 999267
999959 998531
999987 997260
999996 995586
999983 998343
999988 995269
999981 997635
999989 996097
999994 999102
999962 999151
999954 999005
999971 999356
999953 996591
999998 998817
999983 996910
999974 998592
999973 998565
999974 999883
999968 996408
999951 999418
999986 996399
999983 998486
999983 995017
999966 997320
999971 999725
999977 999826
999982 998724
999963 998446
999961 998782
999990 999509
999999 995444
999958 999164
999996 998871
999979 998480
999996 998162
999961 998677
999961 996232
999996 997242
999962 999042
999966 996310
999986 999680
999952 999791
999985 995318
999998 999663
999972 997796
999989 997087
999951 995921
999990 995895
999973 998945
999957 997366
999991 999569
999998 995315
999957 995502
999994 999344
999954 995766
999996 996958
999997 996790
999956 996146
999959 997282
999977 998503
999988 998629
999998 998316
999959 999137
999981 996637
999951 995882
999951 998836
999951 997342
999994 999899
999991 996707
999973 996036
999993 997193
999983 996567
999963 998390
999969 998386
999987 997170
999999 999396
999960 999775
999962 998997
999982 999219
999999 996993
999976 995581
999973 999200
999996 998627
999984 999415
1000000 995637
999979 996455
999972 997091
999979 995460
999996 999383
999953 998448
999992 999383
999956 997352
999996 996500
999967 996717
999958 997926
999956 998116
999963 996834
999958 996429
