100
999992 997551
999959 996475
999960 999608
999980 995554
999954 999318
999961 995815
999992 996213
999980 997296
999967 997515
999961 997584
999996 996700
999972 998519
999992 999384
999999 999554
999992 996676
999977 997803
999978 999382
999990 995134
999985 996488
999955 996918
999980 999637
999999 999914
999960 996372
999984 995877
999961 995077
999975 999745
999962 997354
999986 995844
999998 995554
999977 996534
999985 999640
999970 998752
999985 995911
999997 996660
999975 996868
999955 995500
999963 998605
999975 996002
999978 996271
999997 996159
999951 998987
999989 995420
999964 996463
999964 999022
999956 996662
1000000 996541
999993 997189
999998 997620
999977 997826
999992 997795
999994 995152
999955 999846
999996 997355
999976 996030
999986 996374
999958 998621
999990 995387
1000000 997645
999967 995304
999963 996162
999953 995871
999960 999211
999980 996643
999969 998456
1000000 998405
999955 997810
999954 998192
999995 999610
999988 995800
999971 997821
999989 995124
999961 998477
999972 999129
999981 996008
999968 997788
999959 997342
999952 998520
999963 995366
999972 997030
999985 998280
999990 998720
999962 996288
999996 996042
999991 996107
999975 998834
999955 996310
999987 996312
999989 996764
999972 999557
999995 997170
999959 998589
999957 999651
999967 999711
999991 999568
999998 997487
999956 995824
999962 997585
999977 996766
999970 996658
999990 999116
