100
999956 998131
999984 996973
999998 996946
999981 996954
999955 999617
999954 996039
999952 998151
999954 997282
999955 997203
999988 999612
999974 998792
999991 999222
999993 996000
999981 996783
999961 998443
999971 998869
999989 997766
999960 997055
999956 995787
999953 999039
999977 998761
999960 999757
999987 996327
999977 995962
999971 999539
999981 999115
999985 996943
999990 996619
999952 999828
999968 996671
999988 995611
999975 997139
999992 998677
999961 995384
999973 995498
999956 998514
999969 998148
999974 997114
999975 996254
999993 995299
999962 995944
999987 999123
999990 995046
999972 999477
999996 996440
999951 995440
999979 997631
999956 999075
999957 999068
999964 998067
999981 997530
999977 996120
999981 997148
999951 998799
999998 999956
999998 999194
999965 997160
999954 997435
999959 996355
999995 999375
999965 999003
999984 998493
999968 996041
999959 996589
999956 995675
999953 996971
999990 999884
999982 996178
999975 998619
999975 999081
999972 997723
999980 996771
999954 998887
999991 998032
999957 998413
999963 996684
999977 995869
999960 997697
999984 996393
999968 995667
999988 997589
999971 997568
999996 999376
999995 996801
999981 997370
999991 995218
999989 997803
999988 995919
1000000 999842
999953 995579
999960 995005
999974 996614
999960 996087
999979 996432
999999 995892
999979 998195
999963 998384
999960 998250
1000000 998156
999976 999402
