100
999998 996450
999953 995110
999972 995693
999952 997553
999979 995578
999960 999269
999974 995468
999982 997395
999959 999125
999951 997997
999979 997045
999967 998729
999957 997717
999965 999227
999975 999608
999955 995526
999986 996171
999963 998908
999959 999405
999983 997463
999981 998436
999954 999393
999986 997753
999976 996386
999981 998495
999987 996175
999954 995859
999976 997402
999979 997461
999966 998889
999964 999401
999972 999069
999975 998698
999951 996083
999993 996733
999969 996734
999975 997572
999975 999072
999956 995210
999953 999499
999973 997136
999995 996540
999989 995577
999985 995219
999958 997866
999967 996049
999968 997170
999967 996486
999967 995391
999974 997618
999999 998410
999982 995940
999962 997774
999984 999955
999953 997766
999952 995336
999974 995126
999951 996545
999964 998113
999976 996036
999985 995871
999989 996893
999977 995851
999991 996204
999971 998243
999953 997013
999953 995468
999992 996282
999987 996613
999978 999873
999957 995690
999966 997928
999970 999381
999991 995166
1000000 998532
999953 999415
999958 995582
999983 999739
999993 996982
999975 996322
999982 998412
999980 996878
999960 999935
999997 997121
999992 998044
999984 999573
999999 999499
999978 998197
999961 999269
1000000 997317
999982 996861
999993 995851
999990 998039
999971 997523
999993 996532
999994 998894
999970 999475
999957 997471
999990 996227
999971 999604
