100
999983 998532
999999 995434
999954 995421
999961 995598
999976 997960
999990 999397
999979 998217
999978 996025
999984 997866
999971 998279
999985 997830
999988 999230
999959 999329
999984 999954
999997 995001
999980 996480
999962 995080
999951 997777
999974 996013
999973 999809
999956 995898
999965 995212
999985 999732
999998 997291
999969 997267
999994 997016
999996 998652
999981 995682
999986 996955
999953 997413
999992 996780
999960 997783
999960 999454
999967 997360
999967 997582
999980 998087
999997 995023
999953 997594
999985 996832
999998 999648
999964 999102
999953 997842
999972 996558
999963 999382
999994 996456
999986 999116
999997 999334
999986 995095
999953 996106
999988 996550
999987 996920
999991 997167
999959 996584
999966 997641
999989 996942
999993 996162
999952 997601
999959 997444
999976 998472
999977 996320
999983 997268
999952 996811
999954 999630
999984 999037
999987 996657
999975 998071
999986 995224
999956 996463
999954 997295
999987 997520
999981 996393
999992 998928
999972 999981
999952 995449
999967 996845
999963 997027
999988 999500
999977 999362
999999 998039
999994 997161
999982 997634
999956 995568
999981 999118
999961 996962
999982 999783
999976 999297
999975 996811
999991 997466
999965 998244
999989 998891
999968 998332
999979 997850
999962 998404
999991 999256
999967 999259
999993 998434
1000000 995296
999962 998399
999959 998329
999962 998122
