100
999984 996172
999952 997261
999979 998062
999985 997243
999970 996931
999968 995616
999964 997541
999991 996537
999987 998733
999964 995839
999961 999866
999967 995035
999997 995426
999998 998888
999972 997947
999969 996713
999972 998354
999966 998071
999962 996450
999979 996751
999965 998781
999972 995597
999982 999927
999959 999410
999997 995816
999982 998921
999954 998107
999983 999547
999985 997751
999996 995229
999992 999755
999958 997112
999981 999563
999963 998172
999970 997792
999973 998042
999987 999585
999961 996543
999953 996717
999983 996818
999989 998497
999954 996863
999960 998343
999991 998785
999964 999845
999997 999087
999997 999604
999965 996355
999977 998677
999969 997476
999968 996745
999979 996690
999983 996453
999967 999488
999956 997833
999980 999350
999962 997045
999986 996582
999967 996270
999962 997425
999959 998029
999981 998009
999962 995006
999983 999095
999971 996187
999981 998800
999990 995736
999989 999260
999996 998722
999953 999006
999953 998702
999995 996533
999963 996863
999983 998431
999953 995778
999957 996543
1000000 999662
999966 998736
999981 996212
999998 995646
999996 998049
999985 998977
999987 999935
999955 999622
999975 995633
999983 997508
999991 999278
999989 997378
999957 999452
999980 996570
999962 998960
999970 997685
999971 996312
999971 995585
999981 999251
1000000 998569
999996 995677
999960 999733
999955 999431
999962 996565
