100
999970 998829
999962 998600
999991 997047
999962 997545
999965 996651
999959 995471
999963 995509
999982 995746
999990 999725
999961 995634
999996 999418
999959 998205
999954 998199
999975 996896
999985 996298
999977 998225
999972 998452
999999 996287
999979 996213
999963 997410
999979 999544
999952 998670
999966 999842
999965 999382
999965 995903
999969 995125
999980 997409
999956 999027
999973 999982
999980 995030
999953 997106
999958 995055
999989 996023
999985 999704
999964 997468
999962 998746
999964 997291
999981 995712
999993 999127
999980 998996
999971 998756
999965 998999
999974 997451
999980 995421
999999 996245
999998 997360
999962 999649
999972 997556
999960 996051
999969 996555
999999 998022
999961 995531
999990 998660
999987 999742
999987 999983
999989 996465
999962 997858
999958 998552
999971 995785
999978 995036
999996 995367
999966 997676
999979 998458
999959 999336
999988 999787
999956 996676
999954 997135
999995 995417
999958 995744
999975 998582
999995 998895
999953 996762
999964 997806
999989 995709
999995 996583
1000000 996565
999990 996788
999996 996966
999999 996767
999954 998402
999976 998135
999970 998010
999976 999580
999974 999712
999994 998584
999977 999699
999961 995636
999992 997880
999986 995423
999955 999329
999994 997981
999969 998955
999968 995134
999999 998662
999962 998165
1000000 997102
999962 999438
999965 995218
999980 997186
999968 996637
