100
1000000 997587
999981 996459
999963 996347
999971 995809
999987 998791
999967 999751
999971 995400
999956 996256
999966 998384
999960 998915
999958 995361
999977 997024
999990 996684
999993 997776
999984 999828
999963 999154
999960 996233
999980 995544
999952 997073
999963 997998
999999 995137
999984 995078
999982 997768
999952 999690
999952 998848
999957 997011
999985 999860
999993 996133
999959 996323
999999 999334
999986 997140
999973 995861
999955 996396
999968 995953
999999 996405
999991 997979
999957 995348
999966 995725
999963 998039
999984 999267
999976 996315
999974 998391
999974 998961
999981 996365
999999 997080
999970 998730
999989 997835
999978 997593
999994 999643
999998 996346
999973 999792
999990 996237
999960 996030
999967 998255
999970 999672
999985 998251
999991 996096
999955 995809
999972 999813
999993 997636
999963 996521
999953 996113
999954 998252
999993 995881
999975 998195
999987 996238
999975 998848
999976 996775
999978 996732
999954 999891
999991 999848
999992 996039
999995 998430
999993 996944
999978 996317
999985 998783
999996 998241
999990 999488
999967 995897
999992 996683
999971 998540
999986 995727
999952 999043
999975 998210
999951 996179
999975 995827
999964 996242
999972 997914
999958 996009
999973 996562
999995 998086
999974 997458
999994 998889
999986 998762
999993 999611
999999 997526
999953 995661
999954 997835
999995 995754
999981 999127
