100
999972 998805
999965 997033
999953 996516
999982 995646
999968 999214
999989 998312
999978 999080
999959 996551
1000000 995419
999994 995134
999961 996711
999955 999800
999985 995635
999963 999398
999984 998945
1000000 998813
999994 999004
999970 995964
999958 995395
999958 998100
999961 999574
999952 997895
999996 995637
999955 999111
999993 998894
999953 998097
999997 999952
999985 997607
999955 999830
999974 995547
999958 999237
999989 996524
999986 997501
999994 997408
999956 995041
999965 996152
999995 999215
999951 996916
999975 995789
999982 999554
999951 996215
999965 998935
999990 995548
999978 999049
999994 995842
999977 997800
999973 996252
999951 995615
999973 999107
999998 997592
999994 997179
999991 998762
999976 995086
999975 999892
999996 997649
999964 999205
999987 995745
999993 998678
999975 996977
999969 995319
999968 999619
999969 996545
999960 996089
999996 995567
999959 998831
999958 999343
999953 995551
999987 999699
999991 996079
999978 996511
999966 997685
999980 996239
999965 997503
999977 998371
999987 999940
999957 995946
999989 995455
999992 997726
999993 998299
999978 995388
999981 995100
1000000 995435
999984 995132
999961 996287
999996 998372
999955 998586
999973 995809
999960 996782
999953 997038
999976 995087
999980 996138
999993 998833
999957 999467
999965 995433
999970 997147
999997 997191
999976 999199
999980 996545
999981 996407
999977 999189
