100
999978 998832
999964 995132
999959 996752
999976 999301
999985 999617
999999 995331
999991 997580
999952 996925
999966 997658
999978 996662
999969 999997
999968 995363
999986 998737
999953 999599
999991 997133
999965 998259
999989 995218
999968 995377
999977 997698
999962 998344
999973 995710
999990 996861
999986 998361
999969 995091
999951 995549
999994 997397
999958 997470
999954 997662
999960 999742
999974 999807
999966 997901
999967 996487
999963 998752
999998 997385
999976 996540
999998 999708
999969 995347
999956 999187
999976 999002
999999 998375
999970 998327
999994 997393
999952 999476
999967 999298
999955 995962
999961 996091
999976 995818
999968 997925
999958 998089
999977 998316
999973 996982
999978 999174
999959 998240
999990 999684
999956 998583
999958 997737
999977 999774
999999 995002
1000000 997479
999989 998466
999955 997052
999970 998248
999973 999431
999967 996088
999952 998778
999960 999444
999966 996075
999962 996736
999967 999275
999956 998852
999988 996773
999997 997063
999965 995365
999992 999444
999958 995012
999964 998581
999977 998411
999991 998582
999968 996649
999977 997656
1000000 996370
999992 999835
999970 998013
999988 999054
999956 996637
999958 998793
999954 998142
999955 997253
999996 996569
999979 998647
999976 998254
999964 995941
999973 996352
999999 998153
999959 996489
999958 995724
999959 996557
999970 998950
999952 995777
999964 995505
