100
999994 995105
999972 999015
999993 997514
999985 997669
999997 999682
999966 999049
999957 997326
999987 998640
999992 995517
999955 996607
999986 998829
999987 999216
999995 997474
999967 995724
999974 999317
999972 999300
999963 996218
999979 995641
999958 995804
999986 998914
999961 995753
999979 998800
999990 998565
999982 999115
999972 996680
999958 995037
999951 995556
999979 999193
999967 997045
999960 998594
999992 999041
999956 998079
999968 997153
999957 999933
999997 999326
999979 998442
999992 995457
999972 996805
999970 998329
999959 996752
999987 995290
999994 999165
999957 998337
999980 996171
999965 996922
999960 997688
999967 996307
999958 998516
999999 996783
999957 995064
999956 995944
999999 998483
999988 999396
999973 997719
999971 999856
999996 996381
999994 999907
999992 999640
999958 997551
999970 995922
999960 999223
999977 997730
999994 998024
999955 996285
999999 996991
999985 998211
999994 998503
999996 997983
1000000 996982
999988 996567
999998 998820
999975 995632
999970 997141
999990 999267
999989 998378
999998 995108
999988 997447
999969 999073
999958 997732
999973 996221
999982 995354
999955 996305
999986 999774
999956 997699
999965 997286
999956 997242
999972 995861
1000000 998481
999996 995442
999967 999989
999995 995233
999977 998715
999988 996582
999962 995446
999967 996794
999998 996332
999987 999747
999971 998300
999999 999221
999957 999925
