100
999957 998519
999995 996820
999954 996871
999992 996929
999965 996835
999977 998980
999979 995852
999969 996698
999975 996664
999984 999057
999960 997055
999970 996447
999983 999515
999993 997232
999975 997297
999966 996057
999977 996482
1000000 999061
999988 996581
999964 998592
999970 998803
999953 998890
999988 996896
999960 996072
999977 996513
999966 995091
999988 998786
999999 995434
999964 999919
999966 997141
999998 996488
999968 998032
999991 996075
999954 998618
999958 995379
999980 998368
999956 997077
999973 996133
999953 996494
999955 996181
999972 999629
999963 997518
1000000 997809
999976 999012
999953 997913
999951 997239
999969 997999
999972 999667
999984 999659
999986 999026
999991 997790
999965 996515
999996 996947
999988 996136
999966 997148
999975 997391
999957 998588
999995 997488
999998 995156
999969 996420
999957 999948
999997 997470
999985 996226
999985 995668
999992 997717
999956 998218
999983 998031
999975 997669
999954 996029
999975 995713
999952 996120
999958 997250
999986 995308
999964 998400
999968 998533
999979 998533
999951 995775
999951 995076
999992 995436
999952 996533
999951 996381
999962 997306
999975 999484
999961 998037
999998 998779
999997 999633
999983 999149
999955 996902
999952 998916
999997 998569
1000000 998770
999993 998226
1000000 995401
999985 995194
999977 996341
999972 996285
999991 995126
999958 995782
999968 997213
999992 997418
