100
999975 997299
999992 996156
999998 997621
999953 995835
999952 998006
999969 996417
999954 997692
999986 998041
999969 998734
999980 995245
999958 995500
999959 995543
999965 997932
999968 995826
999970 995815
999962 999326
999982 997745
999964 997804
999987 998980
999984 998415
999981 998839
999979 999103
999991 996883
999965 998514
999959 999260
999958 995593
999983 996164
999996 998917
999993 997598
999961 997112
999988 998561
999954 998823
999975 996920
999998 997615
999980 997562
1000000 995182
999982 999509
999991 996579
999991 998723
999983 999304
999996 997499
999961 995039
999955 999679
999975 996407
999969 997346
999954 997986
999957 998604
999974 998156
999971 995732
999994 995071
999951 995448
999957 998342
999970 996833
999956 999996
999999 998661
999958 997187
999975 999195
999972 995767
999974 999828
999972 998447
999981 999340
999994 995376
999979 995538
999970 997116
999985 996598
999996 999564
999953 999735
999968 997002
999998 996473
999982 997123
999958 999945
999990 997237
999954 995183
999959 995310
999955 998825
999963 999480
999954 997486
999974 998405
999971 995683
999980 999294
999955 996355
999990 997974
999976 999058
999979 996306
999977 995621
999966 996609
999994 995034
999967 998353
999963 999145
999968 997523
999953 996067
999953 998431
999986 995507
999987 996576
999968 996005
999958 995765
999989 995671
999979 995746
999951 997362
999983 997556
