100
999996 998955
999998 996162
999982 998605
999957 999345
999953 995052
999959 998337
999974 997834
999983 996461
999951 998951
999956 995278
999978 995213
999968 999708
999962 999973
999987 998732
999999 999960
999963 995526
999986 995095
999998 995610
999953 996818
999967 996155
999992 998904
999986 996974
999984 999214
999964 995266
999994 996683
999996 997918
999976 996069
999990 998014
999995 997036
999994 997027
999951 998892
999987 996855
999963 996537
999952 999983
999988 998364
999967 997519
999993 999277
999991 996301
999967 997927
999960 995303
999971 995758
999975 995153
999965 999495
999979 998813
999988 997208
1000000 995823
999977 995688
999973 995087
999970 997438
999951 997875
999992 999855
999980 998068
999967 998534
999959 999919
999971 998231
999987 998366
999969 997090
999982 998112
999975 998982
999989 995411
999981 995061
999999 997289
999973 996206
999994 995269
999992 999741
999994 999445
999961 995833
999967 996024
999992 999177
999956 998124
999990 999811
999951 998693
999955 998657
999988 995781
999991 997378
999989 998827
999964 996072
999976 996835
999954 995787
999977 999570
999962 997544
999977 997419
999992 998823
999998 996392
999965 998032
999993 997704
999997 996005
999959 998392
999972 996850
999976 995947
999974 995363
999983 998962
999997 998186
999972 996009
999977 996549
999991 998147
999966 996889
999961 996117
999959 999008
999990 996007
