100
999997 998081
999965 999303
999993 995384
999979 998995
999990 997965
999966 998568
999973 999164
999974 996996
999977 995895
999994 996753
999985 995320
999972 999888
999969 998236
999995 999716
999990 999731
999961 998212
999965 999735
999969 997176
999969 998455
999970 996846
999962 997659
999970 999184
999977 997984
999979 997092
999995 996252
999970 998871
999959 996880
999965 999789
999955 996328
999958 997158
999970 995343
999977 997517
999991 996533
999988 998844
999989 998160
999969 995056
999987 999751
999983 999937
999978 996362
999964 995262
999983 999521
1000000 997833
999972 996539
999965 995163
999969 995775
999968 997573
999988 996339
999970 999843
999986 997079
999989 995155
999959 998023
999974 999705
999992 996746
999956 999156
999966 996670
999990 999369
1000000 995846
999983 996238
999999 997120
999995 997548
999968 996018
999955 997661
999953 997506
999984 997525
999980 996189
999962 999823
999978 996538
999982 995634
999988 997817
999985 998687
999954 995151
999995 999325
999961 997554
999974 995678
999976 999260
999976 997569
999978 996994
999999 999931
999953 996381
999968 997731
999952 998783
999969 999078
999961 999377
999994 999548
999985 996797
999998 995329
999951 998587
999991 996593
999971 996160
999969 999463
999980 999144
999988 997993
999973 999558
999988 999285
999964 999026
999957 997156
999983 996865
999992 995425
999973 999592
999989 997084
