100
999974 997001
999981 999519
999998 996107
999955 995514
999990 999848
999975 997149
999990 998955
999999 997814
999997 999501
999980 998417
999994 998158
999997 998554
999993 999075
999997 999027
999961 999419
999968 995208
999974 997133
999988 996548
999960 995472
999970 997992
999991 997749
999952 995542
999954 999181
999980 997051
999966 996551
999958 996660
999964 997660
999984 998903
999977 999155
999972 996379
999987 998288
999969 995937
999983 999961
999980 995956
999998 996843
999990 999400
999990 997737
999966 997240
999988 999242
999990 996544
999951 997054
999963 997796
999999 995713
999967 995095
999974 998276
999962 995737
999974 998061
999969 999280
999986 997807
999997 995749
999997 997832
999967 995185
999972 997386
999976 998431
999975 999010
999964 999716
999962 996826
999988 995777
999972 997858
999984 996053
999988 995994
999954 996345
999975 997111
999966 995723
999972 999509
999989 995511
999993 998917
999953 995206
999987 995415
999975 995226
999992 997260
999985 999137
999963 996101
999959 995271
999974 999433
999976 995093
999986 996762
999971 998128
999999 999359
999966 999734
999993 997619
999986 998505
999959 998236
999999 996486
999962 999644
999953 995372
999958 996654
999953 999636
999957 998069
1000000 995362
999952 996231
999991 996576
999952 997836
999994 999161
999993 995851
999970 999710
999962 996436
999971 995005
999991 999221
999964 995618
