100
999961 999752
999986 995874
999952 997562
999989 999763
999973 998850
999983 997184
999959 998567
999961 997128
999974 999377
999984 998753
999992 996128
999955 998610
999960 996575
999982 996809
999970 999762
999962 997005
999977 995179
999990 995648
999959 997026
999976 996077
999960 997530
999994 995907
999985 998367
999992 996755
999958 998559
999986 995225
999985 997998
999970 997689
999998 996843
999952 996952
999955 996266
999994 998414
999961 997780
999956 999184
999959 996768
999997 999330
999987 997169
999984 999041
999996 998272
999978 995575
1000000 999952
999999 998812
999951 998283
999973 996169
999969 995998
999964 999025
999987 998022
999952 998708
999990 995148
999963 999255
999985 995448
999965 999860
999951 997469
999989 995448
999971 998345
999997 999867
999977 999119
1000000 999894
999961 998827
999975 999823
999996 995128
1000000 995737
999992 998582
999978 997599
999954 999632
999978 997941
999951 999087
999954 998640
999988 995350
999995 999592
999957 997407
999976 995639
999981 995433
999960 997576
999998 998891
999967 997733
999968 999894
999974 999464
999963 995210
999989 999501
999992 997565
1000000 997217
999957 995242
999990 995503
999995 998593
1000000 997934
999971 996850
999983 996174
999999 996402
999991 995191
999972 999795
999987 996607
999969 998689
999999 995460
999961 995430
999995 997388
999952 996051
999993 998295
999996 999109
999999 995532
