100
999985 995897
999983 996979
999970 997861
999954 995585
999989 997144
999977 999576
999992 995369
999992 998288
999972 998398
999993 998572
999979 996233
999992 999950
999994 995904
999984 997213
999983 995224
999969 997211
999989 995966
999976 997800
999984 997257
999998 998530
999956 999871
999990 999975
999961 997896
999992 999930
999951 998732
999963 996584
999984 995830
999982 996855
999966 999076
1000000 996866
999976 999598
999964 999068
999968 996913
999968 999390
999967 998900
999969 995866
999991 998321
999966 997658
999988 996399
999981 996158
999990 999737
999964 997392
999996 996571
999997 999596
999961 996962
999960 999946
999962 999185
999998 997123
999961 998178
999977 997564
999979 995376
999996 998144
999952 997918
999967 998560
999968 997037
999972 998096
999987 996107
999976 999636
999979 998381
999993 996973
999967 997988
999971 996902
999973 998229
999954 996919
999981 996482
999957 995779
999973 996560
999975 999201
999961 998372
999959 997442
999985 996127
999984 999479
999962 998320
999951 998560
999980 995641
999977 997044
999994 999747
999973 998098
999965 998915
999994 996677
999954 996796
999955 999549
1000000 995027
999999 996480
999970 996511
999988 997456
999984 995403
999971 998519
999977 999696
999985 999072
999963 998555
999951 996262
999960 996005
999967 998572
999997 998025
999971 997611
999958 995001
999978 996824
999952 999558
999967 998426
