100
999959 999647
999997 999355
999956 995741
999995 997185
999982 998209
1000000 997580
999955 998980
999964 998014
999970 998124
999990 995749
999973 997248
999976 999343
999970 995015
999986 996348
999963 997729
999976 996110
999965 997420
999960 999470
999953 998018
999977 996853
999983 996133
999963 998175
999988 996886
999958 997624
999971 995308
999953 999797
999988 996292
999955 995177
999975 998458
999985 998590
999998 999735
999955 995858
999978 998813
999979 998963
999963 999279
999961 995354
999978 997544
999979 995524
999996 998364
999970 998087
999984 998816
999958 998523
999998 995672
999977 995062
1000000 998872
999955 996260
999968 995648
999959 999410
999970 996094
999972 997235
999989 996483
999977 995783
999955 996117
999979 997104
999990 996750
999964 995448
999969 996722
999991 999322
999982 999966
999986 997466
999976 995332
999980 999741
999999 999491
999983 997736
999971 999819
1000000 999605
999986 997560
999974 998976
999978 997638
999986 995453
999999 999918
999987 997250
999970 997167
999981 996328
999992 998251
999983 998267
999956 999816
999957 998210
999996 999455
999973 998539
999992 995917
999977 997871
999995 995827
999963 999449
999951 995222
999988 995149
999997 999450
999965 999075
999951 996267
999968 996046
999961 996493
999958 998100
999960 999617
999971 999263
1000000 997256
999971 996992
999961 998241
999966 998946
999994 999005
999977 998477
