100
999962 999922
999991 995398
999982 999000
999951 995361
999979 995975
999974 997702
999971 996250
999965 997919
999971 995056
999951 996397
999958 996211
999975 997018
999961 998636
999973 999753
999995 999550
999971 996708
999956 998806
999954 999110
999970 995036
999961 999955
999956 997149
999997 997733
999952 995377
999981 998061
999956 999870
999981 999480
999998 999412
999995 997056
999957 997756
999956 996218
999976 998351
999957 996777
999984 998680
999966 998611
999965 999004
999951 998375
999957 999869
999994 995495
999954 995407
999975 997975
999955 995310
999969 995006
999960 997601
999957 995064
999982 996166
999967 996310
999987 997856
999986 996674
999983 996269
999971 998900
999975 996146
999965 998721
999966 997030
999984 998557
999982 995068
999978 995009
999964 997635
999983 997395
999959 999372
999988 999240
1000000 997389
999995 998703
999975 997284
999953 995429
999977 997957
999953 997473
999992 998899
999979 998765
999970 997706
999974 997013
999971 997501
999984 996800
999994 995683
999953 997667
999954 995301
999989 999240
999991 999752
999986 996582
999960 995615
999972 999236
999957 999987
999986 996323
999986 998847
999953 998462
999973 999705
999954 997975
999973 996144
999975 998286
999952 996265
999965 999177
999965 996506
999958 997902
999984 998656
999971 996941
999977 995142
999978 996491
999961 995182
999979 997662
999974 998845
1000000 999230
