100
999981 997268
999969 996734
999958 997420
999999 996867
999991 995851
999995 997343
1000000 999362
999956 998963
999970 999146
1000000 995957
999982 999993
999995 999213
999955 995933
999997 996691
999967 998773
999989 997797
999981 996196
999966 998605
999972 995837
999986 995862
999953 998861
999972 996280
999991 999553
999997 995526
999983 996458
999951 998547
999958 996813
999993 995146
999985 995363
999984 995590
999987 999102
999997 996120
999975 996565
1000000 997561
999971 998845
999955 996385
999963 997572
999973 999575
999951 998852
999960 998120
999965 995232
999995 996761
999957 996722
999983 998438
999975 997392
999991 998516
999984 999710
999973 999086
999995 998009
999952 995972
999955 996013
999985 996855
999980 997318
999970 999357
999977 995179
999961 995127
999988 996439
999961 997455
999991 997442
999984 998894
999958 997216
999975 998623
999957 999342
999999 996848
999968 996651
999964 995148
999953 997473
999989 996249
999954 997080
999959 999608
999985 995378
999967 997669
999972 995271
999963 999978
999970 998313
999978 996194
999965 997225
999965 996101
999997 999821
999972 999861
999959 998064
999987 997784
999981 995660
999990 998975
999981 996934
999962 998646
999963 995614
999985 997777
999955 998735
999998 998597
999989 998923
999998 996224
999975 996904
999975 996362
999973 998921
999985 996845
999977 999880
999990 996170
999995 995957
999989 996927
