100
999956 995946
999990 996332
999991 995791
999952 999878
999955 997813
999983 995684
999973 996782
999959 999174
999952 998311
999973 996426
999965 998958
999972 996854
999961 995180
999994 998157
999976 995271
999964 996231
999960 996530
999971 997554
999981 998251
999964 996021
999955 998534
999966 999545
999967 997075
999986 999923
999997 999419
999975 996008
999960 999910
999989 999547
999953 999271
999989 997183
999961 999277
999956 998053
999955 998271
999970 998127
999997 995334
999968 999882
999977 999500
999975 997832
999955 995442
999961 996960
999966 996400
999959 996886
999980 998126
999997 996398
999979 996431
999958 995586
999989 997938
999957 996514
999988 996541
999975 998675
999957 997435
999983 995742
999974 996632
999974 997157
999965 999976
999974 995583
999968 999381
999955 996333
999979 996196
999977 998552
999985 997255
999991 998335
999998 996424
999965 998697
999970 998136
999969 998487
999979 999576
999958 998450
999955 996451
999975 996929
999962 997020
999999 995098
999981 998628
999974 996204
999955 996457
999962 997451
999985 996188
999962 997553
999998 999281
999965 999224
999959 995917
999991 995284
999982 995588
999987 998997
999976 996636
999956 995761
999957 997085
999963 997352
999956 999586
999993 995536
999985 996959
999997 999755
999955 996068
999999 999406
999978 995853
999968 995062
999994 998637
999973 999559
999955 996375
999961 997208
