100
999953 997122
999979 998732
999954 999003
999969 998062
999963 995034
999988 997522
999998 997805
999962 999026
999970 998803
999961 998105
999989 999951
1000000 999810
999956 999916
999990 998964
999954 995964
999986 998132
999962 995404
999955 995113
999975 996863
999997 996273
999995 997586
999990 996785
999960 999192
999993 995550
999955 997628
999979 997504
999962 997843
999959 998827
999990 995118
999982 995797
999977 995844
999996 997816
999979 996737
1000000 997950
999973 996103
999989 995496
999979 998018
999958 997727
999976 995387
999965 997501
999953 995579
999972 999241
999968 998262
999980 999829
999974 999506
999997 998109
999975 996851
999987 998893
999993 998853
999954 995835
999979 996066
999981 995941
999967 995907
999994 997237
999985 995591
999970 997956
999995 997038
1000000 998239
999966 998913
999966 997327
999984 995989
999990 996063
999956 995009
999960 995075
999959 996798
999962 999762
999952 995888
999993 997891
999977 998017
999956 995384
999990 998512
999998 998426
999963 999185
999996 998145
999972 997028
999967 998812
999975 999556
999963 999505
999979 998478
999976 999370
999982 995488
999974 995436
999976 999834
999999 995466
1000000 997101
999963 998755
999978 997838
999971 999811
999954 996141
999969 997417
999976 995724
999980 999834
999988 998399
999977 997140
999960 997565
999951 995801
999984 995642
999973 996725
999989 996858
999959 999270
