100
999963 998674
999987 998230
999953 998639
999992 997027
999951 998481
999987 996493
999991 996569
999971 999305
999994 996369
999952 998350
999980 998428
999992 995915
999979 999181
999971 999514
999977 996349
999971 997755
999985 995540
999977 995157
999982 995686
999966 999567
999960 999732
999999 999503
999957 998900
999967 995719
999969 995399
999976 997417
999982 995249
999979 997418
999980 997309
999955 998198
999953 997007
999995 995976
999981 995586
999971 999021
999988 995612
999992 999085
999988 998295
999993 998941
999960 996043
999991 999760
999977 997377
999973 995267
999983 999156
999965 999350
999998 995560
999965 998770
999993 997149
999985 997409
999978 998174
999984 997654
999989 997314
999959 996426
999964 998974
999967 996452
999960 997322
999998 995106
999973 995684
999990 999619
999969 995353
999961 996305
999972 995165
999964 995776
999983 997115
999987 998697
1000000 995559
999972 996370
999994 996737
999961 997129
999978 999106
999977 999375
999981 997088
999972 999773
999992 998501
999954 996260
999964 998361
999976 998415
999989 999934
999999 999488
999985 998319
999978 999634
999952 998183
999967 996750
999978 996095
999951 999278
999951 999754
999992 995276
999999 995429
999980 998261
999971 999441
1000000 996432
999995 995733
999967 998624
999962 999982
999951 996364
999997 999944
999977 997178
999976 995649
999992 996694
999969 996454
999956 999240
