100
999954 998483
999964 995767
999963 995418
999954 998512
999985 999312
999970 997140
999961 995611
999952 996087
999968 998624
999977 996288
999978 995542
999969 999392
999976 998289
999951 998241
999961 995875
999958 997526
999990 995265
999981 998371
999983 996103
999963 999033
999972 999466
999974 999133
999967 995033
999954 999126
999964 997435
999974 996729
999971 999241
999978 999141
999981 995495
999969 995428
999952 997890
999954 999375
999994 997190
999993 996133
999965 996925
999990 996004
999984 999985
999966 998762
999988 997651
999986 999618
999997 998302
999991 995358
999998 996116
999960 997368
999994 995527
999967 996627
999952 998046
999985 996571
999953 997395
999968 997176
999979 996516
999951 998006
999968 995611
999962 998815
999982 999656
999955 996996
999953 999779
999992 997796
999962 996851
999978 996152
999979 995256
999951 995795
999963 997429
999972 998536
999960 997364
999980 996439
999995 996187
999998 999029
999994 999860
999966 995060
999955 999924
999952 996121
999964 999408
999959 999244
999994 996376
999979 998637
999980 995471
999998 998580
999964 999093
999957 998667
999956 995124
999960 995337
999964 998199
999959 998108
999965 999505
999979 996222
999991 998870
999978 997779
999971 997203
999978 998185
999970 999715
999984 998857
999985 998550
999992 995381
999998 996849
999971 999099
999983 997802
999999 995579
999984 999745
1000000 996355
