100
999976 998907
999994 997985
999988 997915
999964 998064
999974 995668
999952 998255
999976 998986
999985 996348
999986 999628
999992 995656
999996 996448
999951 996378
999986 997129
999971 999330
999962 998020
999977 997330
999964 999235
1000000 997421
999983 999302
999968 996814
999969 995957
999993 998518
999966 995342
999968 996375
999979 995201
999997 996058
999986 999725
999952 996398
999978 998269
999989 996373
1000000 996537
999972 996864
999985 997664
999964 997922
999984 997066
999972 999232
1000000 997100
999992 997965
999988 996263
999964 996060
999965 998666
999989 995409
999957 998201
999968 997540
999963 997534
999969 996407
999969 996263
999975 998491
999961 999852
999967 998189
999969 997093
999993 999939
999952 997466
999979 995283
999990 999539
999953 998841
1000000 995755
999956 998892
999982 996057
999991 999073
999978 998992
999953 999958
999997 996046
999996 996477
999964 997158
999998 996463
1000000 999382
999996 997091
999971 996601
999988 999225
999966 996011
999966 996641
999981 997316
999973 999370
999991 995612
999952 995611
999967 996218
999962 997155
999980 996313
999969 999106
999968 999241
999973 995017
999955 995618
999967 999119
999992 996776
999985 995655
999996 995058
999972 998201
999971 995124
999986 998043
999952 999661
999977 997636
999989 996518
999981 999087
999993 995718
999959 998598
999964 997409
999976 997230
999997 998017
999991 998893
