100
999991 997726
999966 998611
999994 996656
999975 996454
999992 996026
999964 995754
999966 998773
999972 995467
999972 999188
999981 998318
999955 996567
999988 996211
999967 998369
999970 995811
999997 998454
999978 995616
999977 995436
999992 999644
999997 997121
999996 998814
999968 996837
999958 996460
999974 996131
999969 997128
999994 995544
999961 998498
999958 995599
999967 999497
999958 995373
999977 998335
999951 995553
999989 997303
999996 998178
999996 998080
999992 996691
999976 997092
1000000 998758
999989 996433
999959 996422
999964 998856
999953 996302
999951 996373
999970 995709
999982 995868
999951 996177
999978 998556
999959 996802
999977 996366
999994 996453
999994 997573
999963 998636
999994 998967
1000000 995513
999982 995930
999986 997609
999959 996196
999968 997139
999996 999459
999975 998438
999963 997577
999983 995473
999975 998640
999954 995640
999992 999550
999973 996748
999982 998884
999999 995436
999996 996426
999954 996899
999955 998826
999972 995789
999976 995714
999971 996238
999973 998071
999996 996443
999966 995234
999972 999077
999967 997839
999988 996176
999974 995457
999988 999511
999994 996956
999979 999487
999983 996838
999964 998033
999970 996836
1000000 999334
999971 997693
999962 995018
999961 997542
999976 998708
999983 997025
999964 998945
999971 996150
999954 995900
999958 996692
999998 996890
999977 997652
999990 999325
999955 995058
