100
999954 996700
1000000 998007
999990 997586
999978 998714
999951 995098
999960 999095
999999 996005
999997 997943
999968 998093
999995 997871
999984 996339
999983 996192
999961 995578
999957 995232
999970 996019
999967 995125
999979 999074
999958 997266
999978 996367
999965 997133
999978 997477
999982 997824
999965 998875
999968 998776
999997 996732
999971 998113
999953 998129
999954 996252
999984 998314
999980 997559
999983 996651
999975 997995
999959 998110
999977 999680
999963 998537
999962 995942
999964 996689
999963 998143
999967 996828
999958 996179
999989 995862
999989 998927
999979 995892
999953 999993
999951 995311
999960 999481
999976 998882
999992 996334
999962 996384
999969 995117
999959 996475
999964 998230
999971 997120
999996 997375
999953 995588
999998 998452
999979 996492
999982 997737
999977 996206
999965 997533
999962 997576
999958 995774
999956 998137
999969 997098
999965 999066
999991 995386
999966 996922
999992 997353
999977 998637
999973 995286
999988 996928
999968 997971
999955 999765
999969 998100
999980 995732
999958 998431
999955 999942
999977 999766
999962 998609
999973 998544
999979 996375
999997 995512
999965 997545
999979 995986
999972 996240
999966 996350
999968 995009
999972 998884
999981 997323
999955 998040
999971 998559
999951 996363
999977 999324
999981 998875
999969 998937
999962 997904
999966 996348
999990 998609
999993 999929
999966 996017
