100
999967 998944
1000000 999284
999957 998283
999994 995214
999992 997413
999957 995589
999979 995655
999963 996665
999961 997580
999989 996959
999989 996702
999976 999481
999992 996986
999980 996005
999993 999743
999985 996382
999964 997260
999991 998685
999996 998069
999980 995385
999971 998788
999990 997486
999951 996100
999979 995651
999959 999109
999959 995466
999995 998298
999981 998985
999989 995736
999977 997861
999990 997032
999990 995110
999993 995852
999968 995779
999963 999989
999974 996698
999982 995784
999984 999162
999963 995630
999989 999211
999975 997422
999967 999198
999981 996919
999953 998298
999959 995468
999998 999078
999986 997697
999996 997736
999964 995279
999967 999764
999960 999677
999959 996339
999951 997941
999971 999641
999951 995314
999983 996958
999956 997176
999993 995750
999998 996635
999952 997694
999972 998855
999999 998250
999985 999608
999984 996043
999957 998147
999972 997449
999988 995917
999958 995581
999972 999289
999951 996077
999985 999073
999996 998282
999982 997839
999973 996287
999980 996728
999980 995223
999971 999400
999955 998077
999970 998106
999951 999837
999986 998575
999992 996373
999954 996074
999961 996997
999972 997175
999996 995910
999991 999756
999995 998440
999974 996871
999996 995716
999989 996002
1000000 996476
999951 998059
999963 996705
999992 997321
999996 999713
999986 998828
1000000 999036
999981 996687
999960 997561
