100
999983 997827
999997 999513
999992 996147
999979 999447
999964 999543
999963 995611
999987 998771
999953 995966
999992 997094
999972 997790
999976 995679
999959 997332
999981 998871
999975 997340
999982 995564
999989 999959
999972 999815
999960 996485
999982 995464
999954 998138
999997 997793
999962 998267
999980 996384
999977 996015
999953 997420
999999 997347
999979 995627
999997 999956
999996 995958
999970 996970
999979 996478
999991 997208
999991 995049
999962 998198
999986 996921
999964 997814
999979 997381
999964 999926
999989 997609
999978 995889
999984 995689
999966 996775
999980 995211
999969 999461
999980 997674
999999 999987
999993 997007
999955 997740
999986 998184
999954 996215
999979 999570
1000000 998466
999989 998758
999964 999362
999999 996628
999965 998690
999965 995783
999994 997280
999991 995843
999964 995811
999998 996819
999973 999963
999951 995288
999970 998176
999989 995936
999956 995872
999987 995716
999972 996104
999966 996376
999952 998136
999976 999365
999996 997616
999994 995938
999979 999790
999999 995285
999951 997593
999956 995046
999982 998224
999998 997554
999990 996102
999973 998087
999953 997644
999997 999958
999984 996925
999960 999213
999975 996634
999998 995534
999970 996021
999960 996442
999974 995548
999991 995059
999953 999773
999995 999344
999996 996383
999984 996693
999980 997684
999978 998105
999963 998583
999956 999075
999985 998045
