100
999976 998610
999964 998670
999966 998060
999993 996416
999958 998574
999988 999296
999988 998852
999971 996625
999968 998627
999963 995011
999951 999298
999958 995585
999994 995453
999983 995036
999970 999050
999958 998768
999986 996596
999954 996870
999985 998202
999974 998546
999992 998793
999993 996412
999984 997028
999955 997662
999970 998502
999998 999566
999951 999321
999971 997306
999989 997595
999993 995004
999972 999307
999952 996601
999970 999858
999957 997854
999998 996755
999996 997131
999990 996538
999965 995489
999951 998874
999974 997868
999983 999471
999989 997472
999976 996232
999976 995860
999964 998063
999969 997767
999967 998283
999989 996919
999973 996485
999988 998496
999976 999820
999958 996084
999971 997816
999988 998571
999988 997020
999988 996362
999982 998871
999953 997577
999985 995908
999968 997577
999993 997949
999980 999987
999956 998358
999993 996668
999962 996679
999997 996731
999963 998086
1000000 995152
999973 995332
1000000 999888
999998 995161
999980 996138
999963 996028
999983 996430
999955 999448
999994 998201
999988 997998
999954 995924
999990 995094
999971 998495
999974 995051
999985 999215
999967 995337
999967 996334
999972 998090
999998 995316
999952 999767
999995 999578
999958 997464
999960 996378
999979 998662
999958 996604
999975 996415
999957 998959
999954 996063
999962 995577
999992 996327
999962 996546
999980 997807
999995 998276
