100
999975 998820
999986 999238
999959 995694
999979 997004
999970 995461
999995 999062
999991 995633
999971 996486
999967 996039
999979 996373
999966 996069
999996 996914
999984 995859
999981 999133
999996 995668
999988 995166
999952 997421
999963 998871
999973 996909
999970 998892
999952 999293
999974 998614
999998 999843
999980 996044
999965 996663
999982 996308
999970 998029
999986 996928
999961 998054
999970 999917
999980 995657
999976 996857
999976 995430
999988 998489
999979 997547
999990 998356
999968 997631
999974 999061
999953 998014
999977 995651
999957 999818
999995 996057
999985 997477
999978 999031
999995 997693
999998 996548
999953 999973
999953 998723
999960 996429
999976 996389
999992 996888
999969 999463
999974 997658
999971 995640
999989 997277
999993 995348
999954 995546
999973 997238
999967 998037
999978 997201
999998 997512
999985 996375
999996 995801
999977 996535
999974 998254
999992 998501
999964 999964
999971 998308
999996 995136
999961 998292
999988 997535
999981 996804
999990 997340
999974 999752
1000000 997606
999966 998402
999975 997996
999995 999898
999981 997171
999974 998322
999970 996653
999966 999214
999970 997082
999967 999237
999977 997414
999999 998278
999979 998465
999954 996678
999977 995067
999971 999828
999978 995677
999971 998734
999982 995302
999973 999766
999985 997361
999964 996545
999956 997205
999987 995630
999965 999224
999987 995152
