100
999990 998460
999994 996939
999957 998073
999959 997109
999953 999526
999969 996960
999990 997101
999991 997078
999993 999514
999978 995226
999992 999109
999969 996331
999961 999302
999957 997042
999967 995599
999958 995452
999989 996857
999979 999402
999959 997396
999970 995838
999997 999961
999962 998038
999966 997435
999999 999901
999977 996307
999964 999577
999955 998017
999969 995531
999970 996066
999962 999073
999973 995787
999993 999370
999970 999212
999955 997572
999960 997579
999988 995825
999961 999855
999990 996898
999999 996275
999982 997886
999963 996926
999992 995294
999974 995666
999979 995909
999980 997044
999981 995691
999959 995451
999960 995474
999996 999777
999956 998565
999988 995103
999956 997191
999989 995548
999973 999543
999979 995887
999963 998052
999996 998540
999955 996403
999959 997818
999962 999584
999975 998237
999987 997692
999964 997632
999959 996997
999960 998507
999958 998413
999954 997248
999994 995864
999955 999692
999979 998266
999966 996484
999973 997040
999992 996960
999977 999228
999960 998049
999986 998287
999977 996383
999965 998621
999966 996440
999995 996424
999987 997124
999971 995853
999965 995440
999982 995815
999979 999419
999953 999359
999999 996343
999952 999574
1000000 998489
999988 996727
999962 999910
999993 996471
999990 998288
999976 995308
999982 996653
999977 996971
999972 995216
999956 996796
999960 996837
999956 999436
