100
999973 999850
999989 997462
999989 997518
999965 997730
999955 995529
999965 996878
999997 995779
999969 997264
999991 996277
999981 995193
999994 999511
999960 998802
999983 998489
999977 997405
999959 997733
999981 997976
999988 998779
999997 996770
1000000 996176
999953 999660
999987 995602
999981 997867
999979 996834
999959 997198
999991 997470
999979 998937
999989 999185
999971 995889
999991 998672
999953 996546
999972 997650
999979 996284
999953 999960
999984 996374
999983 997553
999953 998784
999951 996218
1000000 996831
999979 995430
999998 998459
999996 996419
999952 995824
999963 998783
999954 999221
999967 998654
999951 996155
999988 995289
999996 995028
999951 995491
999992 997328
999962 996082
1000000 998494
999973 996411
999989 999000
999957 996650
999969 995684
999958 997150
999983 995968
999989 996869
999972 997035
999989 999603
999992 999121
999997 995627
999966 997436
999963 999198
999978 996458
1000000 999523
999983 999876
999976 997573
999972 995070
999954 998630
999980 995939
999957 997262
999980 995361
999993 995743
999994 998300
999969 999232
999957 997534
999969 998866
999963 998273
999981 998380
999951 995639
999964 998330
999951 997484
999951 998038
999968 998773
999959 996955
999964 996096
999956 995266
999957 996994
999992 997499
999979 997299
999982 995011
999977 997534
999957 999801
999979 995588
999976 999186
999964 998380
999961 996740
999978 999362
