100
1000000 998254
999954 999343
999998 997772
999997 996063
999954 999855
999994 999241
999978 997909
999989 999113
999962 997543
999977 999531
999996 997310
999951 996347
999999 997330
999955 999328
999958 999464
999966 998290
999981 999208
999977 998068
999980 997027
999980 997072
999960 997932
999991 998474
999986 999338
999981 999330
999959 998246
999954 996606
999952 997154
999984 996654
999980 998751
999963 996738
999976 999087
999993 996877
999994 998604
999981 997570
999989 999074
999956 996160
999982 998249
999987 996495
999973 999516
999961 998116
999972 996982
999986 996965
999967 996322
999972 997267
999953 996896
999981 995583
999959 996329
999981 996574
999991 997403
999975 997859
999967 996080
999977 995779
999972 995949
999964 995564
999980 995395
999977 996873
999988 997050
999971 995160
999977 996104
999998 997091
999972 998728
999955 999927
999999 998781
999982 997285
999994 997940
999968 998605
999984 997811
999958 995645
999957 998954
999999 996520
999993 998537
999984 995373
999983 997230
999982 997605
999994 996608
999986 997278
999955 999666
999994 997689
999974 997354
999991 996926
999980 998766
999975 996609
999951 998562
999963 997632
999952 995758
999992 995512
999985 996192
999972 997176
999979 995066
999972 999052
999980 996773
999987 995658
999996 997183
999985 997181
999956 996968
999981 997126
999982 998284
999994 999606
999986 996931
999989 996657
