100
999966 999030
999981 998728
999954 998818
999956 995607
999960 997719
999997 996285
999959 996855
999992 999400
999980 997886
999953 995254
999992 997806
999955 997569
999964 997865
999968 995118
999952 996615
999995 999278
999955 997666
999983 998476
999980 997359
999976 997989
999972 997240
999995 999773
999970 998979
999965 998285
999987 997950
999956 995066
999984 998478
999993 995409
999977 998498
999963 996460
999988 997527
999993 999406
999979 998743
1000000 996676
999963 999259
999999 997124
999996 996235
999964 999242
999975 999716
999964 995726
999992 998362
999988 997070
999977 998426
999971 995478
999986 996654
999979 999332
999985 996324
999964 996670
999993 998914
999973 997112
999985 995306
999988 998320
999960 999779
999993 995402
999976 996033
999993 999457
999977 999215
999989 998530
999956 996302
999956 996860
999989 998242
999964 999433
999953 997224
999988 996928
999987 998096
999951 997959
999977 995570
999999 998589
999989 996137
999968 998492
999999 996062
999977 998861
999989 998124
999976 996566
999973 998695
999987 996030
999963 996912
999984 995150
999976 996566
999961 997570
999979 998413
999981 996710
999997 999104
999989 997980
999970 996586
999996 999707
999968 996717
999991 996573
999988 998254
999999 997915
999993 998859
999969 997533
999983 998056
999969 997203
999971 997057
999967 996578
999986 998950
999952 996748
999975 995883
999967 995591
