100
999957 996950
999989 999762
999985 996845
999951 995261
999961 996764
999997 998673
999972 995107
999962 997650
999960 995508
999954 995187
999979 999424
999968 995427
999957 999379
999960 999036
999972 997345
999995 995468
999977 999827
999972 995631
999992 995262
999974 998470
999993 996651
999958 996619
999967 998513
999971 999717
999954 995176
999998 998875
1000000 997932
999959 999714
1000000 995757
999952 995919
999986 998570
999996 996044
999973 995263
999973 998716
999986 996215
999964 999847
999965 999329
999992 998271
999988 999382
999956 995511
999984 996540
999970 995102
999966 995983
999988 999078
999997 998565
999983 998489
999981 995031
999992 999179
999994 998504
999967 996763
999959 995080
999956 999881
1000000 996722
999952 999546
999956 998436
999975 997957
999959 996738
999969 996743
999971 996522
999985 996756
999993 999465
999994 999518
999994 997074
999978 995733
999996 995238
999966 998945
999974 997753
999975 995670
999965 999273
999959 999226
999981 998919
999955 996332
999974 997538
999960 995673
999977 997543
999956 997795
999962 999970
999994 998799
999982 999656
999992 996270
999963 995676
999978 996156
999975 996337
999958 996551
999975 995688
999955 996966
999996 995256
999993 997560
999981 995020
999962 996853
999995 997958
999978 998218
999965 999255
999961 998620
999988 998845
999970 996101
999955 996049
999983 996596
999997 996378
999964 995291
