100
999953 996397
999951 995685
999990 998523
999965 997180
999959 995162
999980 997699
999988 997181
999958 996542
999957 997693
999971 996683
1000000 997549
999961 999306
999954 998529
999979 997784
999983 997874
999971 995465
999998 997136
999958 995070
1000000 997785
999997 999073
999970 997106
999985 996527
999969 999707
1000000 995441
999971 997374
999971 998419
999974 997421
1000000 995931
999963 995626
999998 995679
999991 997996
999980 996419
999989 999589
999974 999438
999958 997386
999990 998969
999996 997578
999985 996075
999964 997213
999984 998333
999999 995935
999956 996805
999984 996771
999997 997953
999980 997395
999989 998192
999961 997071
999957 997818
999956 999747
999981 996329
999997 998062
999989 997569
999994 999441
999953 996572
999952 997456
999990 998535
999990 998951
999970 995394
999997 995371
999966 995415
999957 999274
999995 996804
999972 998217
999962 995300
999978 995526
999987 996041
999960 996925
999966 997874
999996 995902
999958 996667
999952 997998
999997 995396
999989 999189
999960 999967
999981 997784
999958 995974
999978 998988
999953 997050
999998 996048
999971 996113
999954 997626
999999 997456
999980 995764
999964 998212
999977 998424
999969 998671
999967 998728
999965 995666
999980 998504
999987 999773
999997 998309
999997 996993
999993 997172
999968 996797
999958 995040
999964 997089
999995 998711
999973 999512
999972 998523
999996 998436
