100
999966 998784
999957 999909
999971 997691
999970 996741
999956 997921
999998 996613
999992 996987
999973 996101
999999 998893
999955 998649
999999 999542
999964 998305
999972 998926
999992 996419
999969 997951
999983 995364
999971 995635
999973 998440
999979 998142
999960 997443
999956 995184
999969 997956
999955 998246
999988 997940
999988 996051
999991 998291
999996 997287
999960 996404
999971 998466
999965 997602
999964 995339
999972 995448
999985 999182
999972 995243
999986 995012
999996 995682
999986 995390
999983 999663
999952 999990
999991 998069
999960 997838
999973 995282
999986 996604
999968 998633
999983 996804
999993 998782
999978 995144
999976 995413
999955 995413
999974 995298
999977 996989
999976 999268
999978 996913
999953 998309
999978 998828
999966 997944
999973 996386
999990 999087
999969 997207
999961 995356
999988 996250
999994 999802
999964 997015
999976 999368
999965 999517
999954 995148
999963 997940
999953 999828
999987 999289
999967 995403
999995 998163
999997 999783
999970 998868
999974 996187
999990 995237
999984 998733
999984 999328
999991 995176
999993 997396
999961 999714
999962 997856
999994 995715
999992 996573
999962 997945
999998 997327
999987 998979
999960 998990
999958 997334
999968 999927
999962 997580
999962 997358
999986 997594
999969 998494
999990 995324
999988 995960
999964 996451
999964 998548
999970 996908
999953 996356
999980 999630
