100
999998 998889
999986 997017
999961 997763
999974 996213
999952 995350
999988 999224
999967 999410
999958 998583
999968 995756
999993 995069
999969 999988
999964 998027
999991 997684
999983 999992
999995 995436
999972 998939
999956 997790
999953 995006
999967 999614
999962 998877
999951 996068
999976 998299
999982 996615
999971 997134
999951 995048
999983 997714
999989 995870
999954 995897
999989 998979
999963 999885
999973 995681
999971 996035
999991 998427
999989 997672
999999 995907
999973 995300
999999 998297
999962 999749
999981 999129
999974 995931
999995 996382
999952 996507
999954 996682
999961 999454
999987 996940
999969 998723
999956 996810
999984 999740
999960 999446
999951 995573
999973 996257
999954 999624
999971 998120
999996 998114
999993 998552
999982 998720
999977 996338
999967 999482
999986 996279
999967 995976
999999 996923
999980 998136
999974 996752
999998 996264
999987 997584
999990 995199
999971 996357
999977 997042
999953 996492
999992 995373
999991 996496
999981 997274
999956 997968
999994 998148
999974 999340
999961 999761
999994 997470
999972 997291
999955 998068
999951 999068
999967 999039
999996 998139
999981 996386
999976 998521
999991 998984
999979 995218
999990 995282
999997 996960
999956 996544
999984 998439
1000000 997880
1000000 995795
999983 998392
999959 998220
999988 998936
999975 995758
999997 995203
999989 997019
999989 997726
999957 996763
