100
999999 997734
999958 999352
999970 996020
999968 998751
999955 999530
999958 996338
999981 999695
999984 999766
999989 996371
999969 998293
999955 999950
999966 997927
999995 998106
999952 999559
999956 996904
999988 997138
999989 996502
999972 995843
999994 998857
999986 997790
999976 997046
999989 996294
999958 996955
999976 998823
999966 995746
999996 997445
999970 995218
999974 998960
999969 997212
999966 997124
999961 996472
999974 998753
999996 999398
999955 999144
999982 997838
999984 996641
999982 998358
999963 998921
999993 996290
999984 997286
999979 999859
999975 996379
999989 997398
999960 995697
999970 997505
999977 998726
999977 995729
999977 996951
999993 999371
999956 998382
999970 995325
999981 999388
999958 998900
999988 997644
999978 996051
999958 999521
999998 996956
999954 996930
999977 998535
999990 997612
999986 995447
999974 995017
999966 999760
999979 999951
999980 995359
999982 998635
999970 999298
999998 996663
999954 999978
999977 995684
999953 996532
999988 997883
999963 998401
999985 996490
1000000 997439
999984 996623
999989 997735
999995 996357
999956 995903
999959 998922
999956 996936
999984 999241
999951 999226
999952 998080
999963 997505
999987 996177
999960 997616
999964 996172
999960 998872
999959 995247
999970 999059
999992 995141
999996 997157
999959 996585
999957 995101
999985 996616
999955 998063
999987 995566
999996 999056
999961 997437
