100
999984 997614
999980 995910
999978 999197
999956 998072
1000000 999086
999983 998927
999975 997960
999965 998855
999972 999837
999986 995601
999962 995576
999965 998842
999974 998583
999991 995681
999999 995738
1000000 995244
999951 995281
999976 999180
999999 999979
999965 996879
999956 996099
999957 996748
999951 999879
999964 996272
999971 999422
999998 996248
999989 996531
999962 999412
999991 995211
999999 995702
999996 997688
999969 996597
999974 995747
999973 999742
999971 995323
999970 998438
999983 996075
999954 997777
999997 998084
999954 999318
999963 996866
999994 996151
999961 999302
999963 995806
999958 997952
999989 999109
999954 996101
999996 997256
999998 998778
999999 999869
999954 997267
999992 997819
999994 999435
999967 997944
999959 995589
999954 997320
999969 995122
999972 998146
999952 996330
999982 996233
999990 999107
999958 998569
999974 998343
999971 995704
999970 996470
999984 998517
999986 996174
999957 999374
999965 999227
999966 995424
999992 996874
999994 995918
999964 998511
999991 998716
999997 996663
999970 997770
999989 997586
999979 995978
999980 995811
999978 996698
999965 998198
999970 998312
999984 995198
999975 997277
1000000 997299
999973 997889
999954 999092
1000000 998465
999981 995166
999979 996091
999961 999425
999961 997599
999975 998847
999958 997940
999986 996202
1000000 995586
999996 998500
999996 997419
999996 998879
999978 995419
