100
999989 996736
999980 999051
999960 996671
999970 995265
999962 995237
1000000 996278
999997 996976
999976 997932
999959 995820
999987 995673
999974 999732
999995 998730
999969 996182
999970 997050
999951 998989
999974 997852
999953 999288
999959 997752
999967 996961
999998 996029
999955 996176
999952 995447
999979 997750
999968 995578
999951 999186
999966 998153
999982 997973
999953 995010
999958 995149
999988 996223
999973 998909
999997 998510
999962 998274
999984 997804
999980 997926
1000000 997432
999977 998435
999984 995902
999980 998553
999989 997050
999952 996378
999999 995304
999962 995732
999981 995801
999972 999670
999977 995019
999978 997042
999966 995424
999978 998438
999962 995550
999979 999356
999990 997762
999964 998156
999959 997622
999972 998791
999967 998095
999999 998522
999954 996816
999965 996009
999977 995135
999953 995584
999976 996554
999976 997329
999965 997942
999989 997502
999957 999426
999986 998768
999974 999647
999967 999499
999988 997280
999975 995589
999958 995755
999969 997422
999981 997012
999996 997483
999967 997758
999960 995947
999974 999341
999983 998586
999988 996339
999965 999422
999988 997945
999990 996600
999997 997409
999989 997157
999993 995333
999988 998712
999984 999151
999961 995955
999988 998213
999969 996957
999952 995153
999992 997579
999963 998476
999964 995424
999994 995901
999993 999227
999975 995331
999990 998733
999987 999222
